0 0.034180 0.513542 0.012891 0.038194
0 0.015430 0.524306 0.021484 0.040278
0 0.082812 0.555208 0.026562 0.057639
0 0.152930 0.581944 0.027734 0.063889
0 0.211133 0.588889 0.031641 0.065278
0 0.259570 0.612153 0.032422 0.057639
0 0.332813 0.573264 0.028906 0.052083
0 0.303125 0.565972 0.019531 0.034722
0 0.179102 0.542014 0.023047 0.043750
0 0.245703 0.522222 0.016406 0.031944
0 0.269531 0.518750 0.015625 0.033333
0 0.296094 0.534375 0.017969 0.035417
0 0.349219 0.521528 0.017188 0.031944
0 0.333594 0.519097 0.010156 0.034028
1 0.383008 0.581944 0.017578 0.041667
0 0.403320 0.591319 0.021484 0.050694
0 0.420117 0.579514 0.018359 0.045139
0 0.443555 0.567014 0.018359 0.029861
0 0.503516 0.575694 0.017969 0.038889
0 0.526758 0.568403 0.018359 0.034028
1 0.416602 0.513889 0.016016 0.029167
0 0.366406 0.503472 0.014844 0.027778
0 0.528711 0.723264 0.043359 0.084028
0 0.567773 0.661111 0.030078 0.076389
0 0.616406 0.713194 0.046875 0.097222
0 0.757031 0.753472 0.042969 0.080556
0 0.727344 0.695833 0.035937 0.070833
0 0.600391 0.618056 0.022656 0.044444
0 0.536523 0.615278 0.027734 0.068056
0 0.608203 0.579167 0.013281 0.037500
0 0.636133 0.594444 0.017578 0.031944
1 0.710352 0.546181 0.013672 0.036806
0 0.707422 0.592361 0.016406 0.036111
1 0.658594 0.609375 0.028906 0.050694
0 0.539062 0.538889 0.017188 0.037500
1 0.482227 0.522222 0.016797 0.033333
0 0.443945 0.568403 0.016797 0.036806
0 0.511719 0.527778 0.014844 0.023611
0 0.623633 0.549306 0.013672 0.022222
1 0.644531 0.551389 0.013281 0.030556
