0 0.218945 0.620833 0.041797 0.069444
0 0.132812 0.539931 0.018750 0.042361
0 0.064258 0.544097 0.020703 0.049306
0 0.014648 0.528125 0.015234 0.031250
0 0.203320 0.565278 0.023828 0.052778
0 0.223047 0.544792 0.018750 0.039583
0 0.260742 0.550694 0.022266 0.045833
1 0.322656 0.598611 0.025000 0.047222
0 0.250195 0.613889 0.030859 0.066667
0 0.404492 0.593750 0.024609 0.047222
0 0.366602 0.593750 0.024609 0.045833
0 0.341016 0.540278 0.014063 0.025000
1 0.305273 0.529167 0.014453 0.027778
0 0.268164 0.523958 0.017578 0.029861
0 0.279883 0.515625 0.012891 0.031250
0 0.310156 0.503125 0.010156 0.022917
1 0.372852 0.520486 0.012109 0.028472
0 0.353125 0.502431 0.010156 0.022917
0 0.431445 0.530208 0.012109 0.025694
0 0.476367 0.569097 0.018359 0.036806
0 0.508594 0.570139 0.017188 0.033333
0 0.451953 0.525347 0.013281 0.021528
0 0.413672 0.513542 0.009375 0.017361
0 0.537891 0.547917 0.013281 0.034722
0 0.500586 0.528125 0.011328 0.027083
0 0.622852 0.543403 0.011328 0.025694
0 0.644336 0.589583 0.017578 0.038889
0 0.598437 0.637847 0.025781 0.057639
0 0.659375 0.707292 0.032031 0.075694
0 0.622461 0.614931 0.022266 0.047917
0 0.727930 0.715972 0.041797 0.079167
0 0.788281 0.700694 0.025781 0.050000
0 0.769336 0.666667 0.023828 0.043056
0 0.722656 0.648611 0.023438 0.052778
0 0.700586 0.580556 0.012109 0.031944
0 0.735938 0.620833 0.013281 0.036111
0 0.730664 0.584722 0.013672 0.034722
0 0.721484 0.566667 0.014844 0.027778
1 0.696094 0.562500 0.010937 0.020833
0 0.549805 0.542361 0.013672 0.030556
0 0.642578 0.562153 0.017188 0.027083
