1 0.032617 0.515972 0.016016 0.038889
1 0.082617 0.550000 0.023047 0.055556
0 0.148438 0.581597 0.032813 0.070139
0 0.214844 0.576389 0.027344 0.063889
0 0.266992 0.600000 0.027734 0.072222
0 0.170898 0.569097 0.027734 0.057639
0 0.329883 0.577083 0.024609 0.047222
0 0.302539 0.568403 0.023047 0.038194
0 0.297266 0.533333 0.015625 0.027778
0 0.269531 0.519097 0.014063 0.032639
0 0.246094 0.520486 0.017188 0.036806
1 0.385156 0.573611 0.014844 0.041667
0 0.404102 0.587847 0.023047 0.056250
0 0.538281 0.738542 0.038281 0.104861
0 0.566406 0.662847 0.032813 0.068750
0 0.528516 0.615278 0.028125 0.062500
0 0.649805 0.705208 0.036328 0.081250
0 0.765820 0.739931 0.037891 0.097917
0 0.714453 0.702083 0.038281 0.069444
0 0.737109 0.675000 0.023438 0.059722
0 0.670312 0.623958 0.023438 0.057639
0 0.708789 0.595486 0.018359 0.031250
0 0.701562 0.626389 0.017188 0.030556
0 0.638672 0.586806 0.014844 0.023611
1 0.613086 0.578472 0.013672 0.030556
0 0.624414 0.549653 0.012109 0.027083
0 0.648828 0.556597 0.014063 0.032639
0 0.536914 0.543056 0.012891 0.031944
0 0.503711 0.574653 0.021484 0.035417
0 0.485547 0.544097 0.014063 0.025694
0 0.450977 0.531597 0.016016 0.024306
0 0.444922 0.569444 0.017188 0.033333
0 0.410547 0.546181 0.020313 0.029861
0 0.383789 0.546181 0.019922 0.034028
0 0.417383 0.513542 0.012109 0.022917
0 0.366797 0.503819 0.015625 0.028472
0 0.347656 0.522917 0.015625 0.034722
0 0.334180 0.520833 0.013672 0.030556
