0 0.530859 0.715972 0.039062 0.090278
0 0.658008 0.766667 0.042578 0.105556
1 0.763867 0.725000 0.034766 0.104167
1 0.672656 0.625694 0.018750 0.059722
1 0.605078 0.623958 0.027344 0.056250
0 0.539844 0.619792 0.025000 0.064583
0 0.255273 0.618056 0.029297 0.070833
0 0.121094 0.601736 0.038281 0.075694
0 0.072461 0.562847 0.030859 0.064583
0 0.018555 0.515972 0.017578 0.048611
0 0.247656 0.517361 0.016406 0.030556
0 0.342969 0.531597 0.013281 0.027083
0 0.326562 0.516667 0.012500 0.025000
0 0.295312 0.532292 0.011719 0.025694
0 0.445898 0.559722 0.016797 0.033333
0 0.383984 0.547222 0.014844 0.033333
0 0.364844 0.501736 0.010937 0.029861
1 0.498437 0.521528 0.011719 0.031944
1 0.609375 0.552083 0.013281 0.030556
0 0.167187 0.576736 0.025781 0.060417
0 0.319141 0.594444 0.022656 0.058333
0 0.208984 0.596181 0.031250 0.064583
0 0.406055 0.590278 0.023828 0.055556
0 0.559961 0.673611 0.029297 0.070833
1 0.643750 0.554167 0.013281 0.037500
