0 0.075000 0.556597 0.025000 0.063194
0 0.129297 0.577431 0.029687 0.075694
0 0.162891 0.570833 0.025781 0.062500
0 0.216211 0.579861 0.029297 0.061111
0 0.263867 0.606597 0.028516 0.063194
0 0.326758 0.604514 0.027734 0.059028
0 0.408594 0.585764 0.021094 0.054861
0 0.378320 0.582639 0.021484 0.044444
0 0.246484 0.524653 0.011719 0.031250
0 0.267773 0.530556 0.014453 0.026389
0 0.295508 0.534722 0.014453 0.026389
0 0.339062 0.523611 0.015625 0.031944
0 0.320703 0.518403 0.012500 0.025694
0 0.376953 0.547917 0.016406 0.029167
0 0.363867 0.506597 0.012109 0.025694
0 0.411719 0.543403 0.014844 0.031250
0 0.451758 0.562153 0.014453 0.038194
0 0.467578 0.544097 0.013281 0.035417
0 0.477734 0.539931 0.011719 0.028472
0 0.507617 0.577431 0.015234 0.031250
0 0.526172 0.563889 0.013281 0.030556
0 0.539453 0.552431 0.015625 0.035417
0 0.511719 0.535764 0.012500 0.029861
0 0.497070 0.522917 0.012891 0.030556
0 0.405859 0.513542 0.014063 0.025694
0 0.607422 0.576736 0.017188 0.036806
1 0.625000 0.596528 0.014844 0.033333
0 0.702148 0.619792 0.016797 0.035417
1 0.558203 0.645833 0.032813 0.066667
0 0.537500 0.615625 0.025000 0.064583
1 0.647461 0.709028 0.043359 0.086111
0 0.604297 0.648611 0.026562 0.052778
1 0.528320 0.740972 0.056641 0.111111
1 0.770312 0.751736 0.035937 0.104861
1 0.673828 0.568403 0.012500 0.038194
0 0.625586 0.550000 0.011328 0.029167
