0 0.508594 0.789931 0.071094 0.167361
0 0.659180 0.727083 0.047266 0.115278
0 0.756836 0.776042 0.045703 0.106250
0 0.244141 0.607639 0.035156 0.068056
1 0.132617 0.571875 0.036328 0.065972
1 0.263672 0.502431 0.012500 0.034028
0 0.401367 0.584375 0.023047 0.056250
0 0.338672 0.578819 0.022656 0.054861
0 0.320117 0.602778 0.027734 0.048611
0 0.302734 0.565278 0.022656 0.034722
0 0.501563 0.577431 0.015625 0.039583
0 0.448828 0.564236 0.020313 0.038194
0 0.365625 0.500000 0.014063 0.030556
1 0.647266 0.550694 0.014063 0.033333
1 0.723633 0.640625 0.021484 0.049306
0 0.538477 0.609722 0.025391 0.063889
0 0.564648 0.611458 0.017578 0.050694
0 0.033984 0.521528 0.018750 0.044444
0 0.074023 0.542014 0.020703 0.043750
0 0.204102 0.540278 0.019141 0.037500
0 0.243164 0.525694 0.014453 0.034722
1 0.333203 0.498611 0.011719 0.026389
