1 0.331641 0.599306 0.025781 0.054167
0 0.254688 0.614236 0.030469 0.060417
0 0.218945 0.579167 0.026172 0.063889
0 0.403906 0.592014 0.026562 0.045139
1 0.282422 0.563889 0.021094 0.051389
1 0.083008 0.557639 0.025391 0.059722
0 0.162109 0.575000 0.026562 0.050000
0 0.113281 0.592014 0.028906 0.052083
0 0.025781 0.529861 0.014844 0.041667
0 0.011719 0.524306 0.018750 0.045833
0 0.147070 0.528125 0.014453 0.031250
0 0.241992 0.516667 0.013672 0.029167
0 0.260352 0.503472 0.014453 0.026389
0 0.341406 0.527431 0.015625 0.027083
0 0.289258 0.509722 0.013672 0.026389
0 0.367383 0.502083 0.011328 0.027778
0 0.443945 0.564236 0.016016 0.036806
0 0.380664 0.546528 0.014453 0.029167
0 0.527930 0.629514 0.026172 0.064583
0 0.562109 0.676042 0.035156 0.074306
0 0.498047 0.801736 0.068750 0.127083
0 0.640820 0.764931 0.037109 0.109028
1 0.753906 0.724653 0.035156 0.090972
0 0.651953 0.670486 0.030469 0.068750
0 0.681055 0.710764 0.029297 0.074306
0 0.524805 0.567014 0.018359 0.032639
0 0.704297 0.615972 0.016406 0.040278
