1 0.523047 0.743750 0.051562 0.111111
0 0.636133 0.712153 0.040234 0.117361
1 0.754492 0.731944 0.037109 0.093056
0 0.326562 0.602778 0.025000 0.058333
0 0.256055 0.609028 0.037891 0.061111
0 0.221094 0.600347 0.030469 0.060417
0 0.128711 0.593056 0.037109 0.070833
0 0.404492 0.598958 0.023828 0.050694
0 0.367969 0.577431 0.028906 0.057639
0 0.183398 0.541667 0.022266 0.037500
0 0.165625 0.573958 0.024219 0.052083
0 0.075391 0.566319 0.025000 0.067361
0 0.302344 0.563542 0.017188 0.039583
0 0.240039 0.525347 0.016797 0.032639
0 0.267578 0.526736 0.017188 0.032639
0 0.288086 0.513542 0.012891 0.025694
1 0.371484 0.497222 0.011719 0.023611
0 0.448437 0.558333 0.014063 0.038889
0 0.503320 0.578125 0.019141 0.038194
0 0.608789 0.646875 0.023047 0.054861
0 0.717187 0.663194 0.025000 0.054167
1 0.498047 0.522222 0.012500 0.036111
0 0.141406 0.536806 0.018750 0.034722
0 0.206445 0.542708 0.018359 0.039583
0 0.704492 0.615278 0.018359 0.038889
0 0.634375 0.596181 0.018750 0.032639
1 0.675195 0.565972 0.013672 0.034722
