1 0.524609 0.744792 0.057031 0.121528
1 0.270313 0.588542 0.025781 0.071528
1 0.217969 0.572917 0.025781 0.058333
0 0.326172 0.600347 0.025781 0.056250
0 0.414648 0.594792 0.024609 0.059028
0 0.368750 0.576736 0.031250 0.050694
0 0.114453 0.599653 0.039062 0.064583
0 0.072852 0.567361 0.028516 0.054167
1 0.033203 0.521181 0.020313 0.052083
1 0.017383 0.520486 0.015234 0.045139
0 0.139844 0.534722 0.018750 0.038889
0 0.503320 0.576736 0.017578 0.039583
0 0.447656 0.567014 0.018750 0.043750
0 0.380469 0.550694 0.018750 0.038889
0 0.343555 0.535069 0.017578 0.029861
0 0.300195 0.531597 0.016016 0.029861
0 0.367578 0.500347 0.014063 0.027083
1 0.650000 0.711458 0.046094 0.109028
1 0.764453 0.754167 0.037500 0.093056
0 0.735938 0.703472 0.030469 0.077778
0 0.611523 0.639931 0.023047 0.065972
0 0.630273 0.595833 0.019141 0.044444
0 0.704102 0.610764 0.016016 0.042361
1 0.606445 0.552083 0.016016 0.033333
1 0.537500 0.529861 0.013281 0.023611
0 0.497656 0.526389 0.013281 0.033333
1 0.334570 0.496181 0.014453 0.022917
0 0.563672 0.621181 0.025000 0.052083
1 0.672266 0.564583 0.020313 0.036111
0 0.172266 0.568056 0.028125 0.048611
0 0.266797 0.522222 0.020313 0.033333
0 0.405664 0.511458 0.012891 0.028472
