0 0.245508 0.522222 0.018359 0.038889
0 0.213281 0.581250 0.032813 0.072222
0 0.258789 0.602431 0.034766 0.077083
0 0.323242 0.601736 0.030078 0.053472
0 0.395898 0.604514 0.026953 0.052083
0 0.448242 0.565278 0.023047 0.034722
0 0.507812 0.575000 0.015625 0.029167
1 0.630664 0.597917 0.022266 0.038889
0 0.704102 0.611806 0.017578 0.036111
0 0.119336 0.589931 0.037891 0.077083
0 0.075000 0.570833 0.025781 0.058333
1 0.040430 0.520486 0.015234 0.029861
0 0.343164 0.538194 0.013672 0.033333
0 0.367578 0.500694 0.012500 0.025000
0 0.409766 0.511806 0.013281 0.025000
0 0.608203 0.637153 0.021094 0.054861
0 0.536719 0.612153 0.027344 0.071528
1 0.511914 0.748264 0.050391 0.110417
0 0.664453 0.714236 0.043750 0.110417
1 0.774219 0.735764 0.041406 0.096528
0 0.103906 0.532292 0.019531 0.040972
0 0.165039 0.572222 0.023047 0.047222
0 0.304492 0.564931 0.019141 0.039583
0 0.382031 0.548611 0.020313 0.034722
