0 0.251953 0.601042 0.033594 0.070139
0 0.521094 0.751389 0.054688 0.126389
1 0.654883 0.699653 0.042578 0.106250
1 0.776758 0.752431 0.041016 0.118750
1 0.750977 0.684028 0.030078 0.084722
0 0.126953 0.594097 0.035937 0.065972
0 0.075000 0.572222 0.035937 0.069444
0 0.391016 0.604167 0.024219 0.051389
1 0.409180 0.511111 0.012109 0.023611
0 0.366211 0.503125 0.016797 0.029861
0 0.343555 0.540972 0.016016 0.043056
0 0.314453 0.502431 0.010156 0.021528
0 0.297852 0.531944 0.016797 0.030556
0 0.268555 0.526042 0.011328 0.028472
0 0.246680 0.523264 0.012891 0.025694
0 0.202344 0.539931 0.017188 0.032639
0 0.325781 0.517014 0.012500 0.025694
0 0.454492 0.537847 0.015234 0.029861
0 0.412500 0.546528 0.015625 0.027778
0 0.379102 0.550694 0.017578 0.027778
0 0.447266 0.564583 0.017188 0.034722
0 0.500195 0.573958 0.017578 0.031250
0 0.527148 0.567014 0.011328 0.028472
0 0.480664 0.545486 0.013672 0.027083
0 0.608008 0.578472 0.016016 0.031944
0 0.632617 0.598958 0.015234 0.032639
0 0.605273 0.636458 0.025391 0.059028
0 0.538086 0.632292 0.024609 0.061806
0 0.414648 0.579514 0.019922 0.040972
