0 0.074805 0.564931 0.022266 0.056250
0 0.125000 0.578472 0.032813 0.069444
0 0.167383 0.569444 0.021484 0.051389
0 0.267578 0.597569 0.032031 0.060417
1 0.241602 0.571875 0.026953 0.046528
0 0.325977 0.604514 0.031641 0.053472
0 0.403906 0.612153 0.026562 0.045139
0 0.365039 0.581597 0.026953 0.045139
0 0.303906 0.563542 0.017188 0.042361
0 0.204883 0.542014 0.016016 0.035417
0 0.141602 0.534722 0.019141 0.030556
0 0.243945 0.527431 0.013672 0.029861
0 0.268359 0.523958 0.018750 0.032639
0 0.342773 0.536458 0.012109 0.028472
1 0.298828 0.508333 0.015625 0.026389
0 0.368750 0.498611 0.017188 0.025000
0 0.407617 0.539236 0.013672 0.035417
0 0.381641 0.548958 0.017969 0.035417
0 0.322461 0.519097 0.014453 0.029861
0 0.449805 0.561806 0.015234 0.037500
0 0.467578 0.548958 0.011719 0.031250
0 0.507227 0.571875 0.012891 0.032639
0 0.525977 0.570139 0.016797 0.030556
1 0.633203 0.593403 0.016406 0.034028
1 0.529297 0.744792 0.050781 0.115972
1 0.661328 0.687500 0.039062 0.095833
1 0.772852 0.750694 0.037891 0.094444
1 0.736523 0.685417 0.036328 0.066667
0 0.537695 0.628125 0.030078 0.063194
0 0.608008 0.653472 0.021484 0.047222
0 0.674219 0.568056 0.012500 0.037500
0 0.607812 0.581597 0.013281 0.028472
0 0.521875 0.538542 0.011719 0.025694
0 0.625586 0.551389 0.012891 0.030556
0 0.702539 0.615278 0.016016 0.036111
