1 0.240625 0.568056 0.017188 0.038889
1 0.280469 0.567361 0.026562 0.048611
1 0.327930 0.587500 0.022266 0.056944
1 0.364258 0.575347 0.020703 0.043750
1 0.423242 0.578472 0.017578 0.040278
0 0.393359 0.602431 0.025781 0.059028
1 0.262305 0.596875 0.031641 0.067361
0 0.210352 0.589931 0.026172 0.054861
0 0.164453 0.571875 0.025000 0.053472
1 0.079102 0.557986 0.026172 0.052083
1 0.033398 0.525347 0.019141 0.038194
0 0.243750 0.521528 0.014063 0.027778
1 0.344922 0.528472 0.015625 0.029167
1 0.382031 0.539931 0.019531 0.034028
0 0.273047 0.524653 0.014844 0.036806
1 0.333398 0.492708 0.012109 0.024306
0 0.451562 0.537153 0.016406 0.035417
0 0.451367 0.569792 0.016016 0.035417
1 0.514062 0.571875 0.016406 0.028472
1 0.526758 0.561111 0.010547 0.029167
1 0.539062 0.546528 0.017188 0.033333
1 0.528516 0.629167 0.028125 0.054167
1 0.529687 0.741319 0.055469 0.118750
1 0.644922 0.692014 0.053125 0.099306
1 0.769727 0.745833 0.041797 0.105556
1 0.727344 0.635069 0.022656 0.056250
1 0.607617 0.648611 0.024609 0.050000
1 0.564258 0.646528 0.033984 0.075000
0 0.702344 0.614931 0.015625 0.035417
0 0.469141 0.553125 0.015625 0.032639
0 0.164453 0.571875 0.025000 0.053472
