1 0.142187 0.663194 0.021875 0.050000
1 0.106641 0.655903 0.018750 0.043750
0 0.112891 0.679861 0.025781 0.044444
0 0.184766 0.661458 0.027344 0.054861
0 0.226367 0.680208 0.030078 0.053472
0 0.289648 0.676389 0.025391 0.047222
0 0.343359 0.725347 0.032813 0.071528
0 0.394531 0.716667 0.046875 0.070833
0 0.429297 0.696528 0.030469 0.055556
0 0.466797 0.711111 0.026562 0.063889
0 0.496875 0.714931 0.034375 0.070139
0 0.340820 0.664583 0.023828 0.044444
0 0.593359 0.719444 0.028906 0.059722
0 0.632812 0.736458 0.032813 0.059028
0 0.701367 0.730208 0.026953 0.067361
0 0.756641 0.705556 0.026562 0.056944
1 0.650391 0.634722 0.018750 0.043056
1 0.618750 0.647917 0.017188 0.033333
1 0.852930 0.651389 0.018359 0.040278
0 0.738281 0.804167 0.045312 0.094444
0 0.801953 0.792361 0.035937 0.084722
0 0.537500 0.651042 0.018750 0.039583
1 0.821484 0.649306 0.014063 0.034722
0 0.805273 0.671875 0.017578 0.036806
0 0.832422 0.671528 0.015625 0.037500
0 0.704688 0.658681 0.015625 0.038194
0 0.726758 0.642708 0.016016 0.046528
0 0.675977 0.634028 0.012891 0.029167
0 0.686328 0.617708 0.012500 0.029861
0 0.622070 0.613542 0.011328 0.021528
0 0.503125 0.651736 0.016406 0.028472
0 0.581836 0.654861 0.015234 0.033333
0 0.875586 0.713194 0.025391 0.059722
0 0.942773 0.723611 0.019922 0.054167
0 0.987305 0.734722 0.024609 0.058333
0 0.970898 0.686458 0.016016 0.042361
0 0.933203 0.669444 0.014844 0.040278
0 0.961523 0.647222 0.016016 0.038889
