1 0.133398 0.661111 0.022266 0.051389
0 0.113477 0.680903 0.023828 0.045139
0 0.181445 0.662500 0.026953 0.050000
0 0.226562 0.680903 0.027344 0.056250
0 0.285938 0.676042 0.023438 0.047917
0 0.317969 0.687847 0.025781 0.050694
0 0.392773 0.717361 0.040234 0.073611
0 0.429492 0.695139 0.026953 0.061111
0 0.455469 0.704167 0.027344 0.066667
0 0.341211 0.665278 0.020703 0.037500
0 0.491406 0.715972 0.035156 0.063889
0 0.514062 0.687847 0.023438 0.050694
0 0.556641 0.707639 0.027344 0.047222
0 0.592187 0.720833 0.032813 0.059722
0 0.631055 0.737153 0.030859 0.057639
0 0.700586 0.726389 0.026172 0.058333
0 0.754492 0.704514 0.027734 0.050694
0 0.739062 0.807292 0.048438 0.089583
0 0.797656 0.789583 0.035937 0.077778
0 0.877734 0.711806 0.025000 0.054167
0 0.942187 0.728472 0.021875 0.059722
0 0.933594 0.669792 0.017188 0.042361
0 0.970898 0.688194 0.017578 0.043056
0 0.962500 0.652778 0.017969 0.040278
1 0.851758 0.650694 0.019141 0.041667
0 0.830469 0.672569 0.017969 0.038194
0 0.728516 0.649653 0.020313 0.039583
0 0.702539 0.661458 0.016016 0.036806
0 0.816016 0.612847 0.013281 0.027083
0 0.862500 0.615278 0.012500 0.029167
0 0.823828 0.647569 0.013281 0.032639
0 0.804102 0.676042 0.016016 0.036806
1 0.648438 0.635764 0.013281 0.032639
0 0.619922 0.649653 0.016406 0.032639
0 0.580664 0.648958 0.016797 0.034028
0 0.535742 0.648611 0.016016 0.036111
0 0.503320 0.650347 0.018359 0.032639
0 0.557617 0.647222 0.013672 0.034722
0 0.676367 0.634722 0.014453 0.030556
0 0.684766 0.616319 0.012500 0.027083
0 0.710742 0.620833 0.016016 0.031944
0 0.608008 0.636111 0.012891 0.029167
0 0.779492 0.704167 0.019922 0.050000
