0 0.699805 0.727083 0.026953 0.062500
0 0.628516 0.736458 0.029687 0.060417
0 0.594922 0.724653 0.035937 0.067361
0 0.490820 0.719444 0.037109 0.065278
0 0.455469 0.705556 0.029687 0.056944
0 0.393164 0.716319 0.041797 0.081250
0 0.343359 0.725694 0.031250 0.072222
0 0.317969 0.689236 0.025781 0.046528
0 0.285742 0.677083 0.023828 0.043056
0 0.226758 0.681250 0.025391 0.048611
0 0.181445 0.660417 0.028516 0.047222
0 0.138281 0.667014 0.026562 0.052083
0 0.114062 0.682292 0.025781 0.040972
0 0.436719 0.693750 0.022656 0.047222
0 0.722852 0.645486 0.016797 0.042361
0 0.757227 0.706944 0.029297 0.065278
