1 0.462891 0.715625 0.024219 0.060417
0 0.144336 0.657292 0.027734 0.057639
0 0.180469 0.664236 0.025000 0.052083
0 0.217969 0.685417 0.026562 0.052778
0 0.275586 0.675000 0.018359 0.050000
0 0.392969 0.662153 0.021094 0.050694
0 0.346094 0.680903 0.022656 0.046528
0 0.323047 0.669097 0.019531 0.049306
0 0.815430 0.800347 0.044141 0.090972
0 0.888281 0.789583 0.042969 0.097222
0 0.517383 0.681250 0.020703 0.044444
1 0.550391 0.651042 0.017188 0.036806
0 0.591016 0.640625 0.014063 0.034028
0 0.433984 0.671875 0.023438 0.040972
1 0.626953 0.645139 0.013281 0.036111
0 0.646875 0.653472 0.014063 0.036111
1 0.639453 0.622569 0.011719 0.029861
0 0.710156 0.704861 0.017969 0.041667
1 0.765625 0.673611 0.017188 0.033333
1 0.807031 0.669097 0.015625 0.039583
1 0.825781 0.661806 0.015625 0.036111
0 0.900391 0.609028 0.019531 0.050000
0 0.857617 0.656250 0.019922 0.034722
0 0.846484 0.609028 0.017188 0.033333
0 0.818750 0.629861 0.017188 0.029167
1 0.709180 0.663194 0.015234 0.030556
0 0.791602 0.647569 0.015234 0.039583
0 0.756641 0.647917 0.015625 0.036111
0 0.728906 0.623958 0.012500 0.025694
