0 0.165820 0.681944 0.026172 0.056944
0 0.220703 0.686458 0.026562 0.045139
0 0.294531 0.685417 0.028906 0.050000
0 0.276172 0.660417 0.020313 0.041667
1 0.425195 0.696181 0.021484 0.056250
0 0.378711 0.664236 0.022266 0.045139
0 0.322461 0.659028 0.025391 0.044444
0 0.493359 0.695486 0.030469 0.049306
0 0.517383 0.678472 0.024609 0.045833
0 0.440625 0.653472 0.022656 0.038889
0 0.456641 0.734722 0.034375 0.050000
0 0.810742 0.794444 0.035547 0.083333
0 0.888086 0.796181 0.040234 0.082639
0 0.987305 0.797222 0.025391 0.095833
0 0.698438 0.710764 0.027344 0.046528
0 0.801367 0.680208 0.019922 0.036806
0 0.833203 0.676042 0.016406 0.036806
0 0.764062 0.677083 0.021875 0.037500
0 0.700586 0.668403 0.019141 0.029861
0 0.648047 0.657986 0.019531 0.032639
0 0.625195 0.646875 0.017578 0.034028
0 0.590820 0.640972 0.018359 0.033333
0 0.819922 0.620139 0.014063 0.030556
0 0.855273 0.618056 0.019922 0.037500
0 0.886719 0.629167 0.017969 0.031944
0 0.730664 0.618750 0.014453 0.029167
0 0.688281 0.629514 0.020313 0.028472
0 0.640039 0.618750 0.013672 0.022222
0 0.789062 0.611111 0.014844 0.026389
0 0.961133 0.619444 0.013672 0.025000
0 0.937695 0.661806 0.017578 0.031944
0 0.775586 0.644444 0.018359 0.031944
0 0.757422 0.652083 0.017969 0.038889
0 0.821680 0.659028 0.016797 0.038889
0 0.833789 0.636458 0.016016 0.029861
0 0.706836 0.636111 0.016016 0.025000
