1 0.464844 0.705556 0.031250 0.063889
0 0.502539 0.688542 0.021484 0.046528
1 0.400195 0.671528 0.022266 0.048611
1 0.356836 0.677431 0.019141 0.036806
1 0.311133 0.676042 0.019922 0.045139
1 0.285938 0.664583 0.018750 0.040278
1 0.414648 0.669444 0.016016 0.037500
1 0.984180 0.758681 0.031641 0.085417
1 0.614648 0.647917 0.016797 0.031944
0 0.575586 0.637847 0.016797 0.031250
1 0.688281 0.635069 0.012500 0.024306
1 0.711914 0.623611 0.012891 0.022222
1 0.735742 0.614583 0.012109 0.030556
1 0.710938 0.599653 0.013281 0.022917
1 0.666797 0.621528 0.013281 0.025000
1 0.654297 0.636458 0.016406 0.038194
1 0.798438 0.658333 0.016406 0.038889
1 0.838281 0.636458 0.013281 0.025694
0 0.833594 0.673958 0.013281 0.038194
0 0.763086 0.665278 0.017578 0.034722
1 0.780469 0.630556 0.013281 0.027778
1 0.804102 0.619097 0.012109 0.025694
1 0.818555 0.612847 0.011328 0.027083
1 0.812305 0.638194 0.012891 0.027778
1 0.832617 0.621181 0.011328 0.029861
0 0.785742 0.603125 0.012109 0.028472
1 0.757617 0.643750 0.012891 0.031944
1 0.878516 0.624306 0.014063 0.034722
1 0.940234 0.640278 0.015625 0.037500
1 0.966406 0.647569 0.015625 0.036806
