0 0.310547 0.684375 0.025000 0.050694
0 0.282031 0.672569 0.019531 0.047917
1 0.225000 0.682292 0.021094 0.047917
0 0.344141 0.690972 0.021094 0.043056
1 0.398633 0.673958 0.018359 0.049306
1 0.374023 0.657639 0.019141 0.037500
0 0.351367 0.663542 0.019141 0.035417
0 0.684375 0.706250 0.019531 0.050000
1 0.712109 0.663542 0.014063 0.038194
1 0.667773 0.639236 0.014453 0.025694
0 0.626172 0.646875 0.013281 0.031250
1 0.639648 0.617361 0.010547 0.026389
0 0.682227 0.641667 0.014453 0.027778
0 0.655273 0.634375 0.012109 0.027083
0 0.766406 0.685764 0.014063 0.035417
0 0.840234 0.670486 0.017188 0.035417
0 0.848828 0.613889 0.017188 0.031944
0 0.815234 0.610417 0.012500 0.027778
0 0.774805 0.620833 0.014453 0.033333
1 0.882617 0.623264 0.015234 0.029861
1 0.937305 0.646875 0.014453 0.031250
1 0.966992 0.647917 0.012109 0.036111
1 0.983203 0.621528 0.011719 0.029167
1 0.903320 0.744444 0.031641 0.077778
1 0.824023 0.755556 0.031641 0.076389
1 0.985156 0.758333 0.027344 0.084722
1 0.168945 0.672569 0.025391 0.057639
0 0.180078 0.647222 0.024219 0.054167
0 0.095898 0.658333 0.026172 0.050000
1 0.578320 0.641319 0.016016 0.034028
