1 0.097461 0.658681 0.017578 0.049306
1 0.173437 0.670486 0.022656 0.053472
0 0.250977 0.683681 0.024609 0.060417
1 0.328125 0.673611 0.023438 0.050000
0 0.288281 0.665625 0.021875 0.049306
1 0.513672 0.666667 0.021875 0.044444
1 0.665039 0.638194 0.015234 0.034722
0 0.569922 0.642361 0.020313 0.037500
0 0.627930 0.644097 0.017578 0.031250
0 0.640234 0.623264 0.010156 0.025694
0 0.768164 0.683681 0.016797 0.034028
1 0.801953 0.662847 0.018750 0.042361
1 0.756641 0.648958 0.016406 0.032639
0 0.704883 0.631597 0.014453 0.034028
0 0.735742 0.617361 0.014453 0.031944
0 0.689844 0.642708 0.016406 0.036806
0 0.678125 0.628819 0.015625 0.034028
1 0.822461 0.644097 0.016016 0.034028
1 0.860156 0.627083 0.015625 0.030556
1 0.881250 0.627083 0.014844 0.027778
1 0.937500 0.652778 0.016406 0.034722
1 0.969336 0.651389 0.016016 0.036111
1 0.828320 0.756944 0.033984 0.075000
1 0.980078 0.775347 0.032813 0.084028
0 0.833594 0.672917 0.014844 0.036111
0 0.374805 0.653472 0.021484 0.041667
0 0.354883 0.679167 0.019922 0.040278
