1 0.168750 0.671181 0.022656 0.057639
0 0.093945 0.662847 0.023047 0.050694
1 0.252930 0.680556 0.022266 0.045833
0 0.321094 0.679514 0.019531 0.046528
1 0.302930 0.670139 0.018359 0.047222
1 0.374609 0.655903 0.018750 0.040972
1 0.538477 0.667361 0.020703 0.040278
1 0.663281 0.639236 0.015625 0.032639
0 0.683398 0.702083 0.021484 0.044444
1 0.706836 0.671875 0.016016 0.038194
1 0.807422 0.662500 0.017969 0.040278
1 0.836914 0.665972 0.014453 0.037500
1 0.829883 0.764583 0.033984 0.079167
1 0.969141 0.769792 0.032813 0.086806
1 0.858203 0.622917 0.013281 0.034722
1 0.884180 0.628472 0.015234 0.036111
1 0.940234 0.647222 0.017188 0.036111
1 0.735938 0.614583 0.013281 0.031944
0 0.773047 0.676389 0.019531 0.037500
0 0.758398 0.656597 0.012109 0.039583
1 0.793555 0.650000 0.015234 0.038889
0 0.819727 0.617361 0.013672 0.036111
0 0.574414 0.643750 0.016016 0.031944
0 0.625781 0.647222 0.016406 0.034722
1 0.640625 0.619792 0.012500 0.028472
1 0.680469 0.637500 0.014844 0.029167
1 0.698828 0.622917 0.013281 0.031944
