0 0.486719 0.719792 0.028125 0.067361
0 0.454102 0.710764 0.028516 0.060417
0 0.316797 0.694444 0.026562 0.054167
0 0.246680 0.691319 0.028516 0.049306
0 0.350195 0.675694 0.022266 0.044444
0 0.299805 0.689583 0.018359 0.045833
1 0.538281 0.670833 0.018750 0.044444
0 0.573047 0.642708 0.018750 0.032639
1 0.641211 0.628125 0.012109 0.031250
1 0.660937 0.622569 0.014063 0.028472
0 0.733203 0.617361 0.014063 0.025000
0 0.764258 0.646181 0.017578 0.039583
0 0.821680 0.621528 0.015234 0.033333
0 0.829102 0.763542 0.032422 0.082639
0 0.798828 0.665625 0.016406 0.043750
0 0.790430 0.659375 0.013672 0.031250
0 0.836719 0.667708 0.015625 0.042361
0 0.763867 0.689236 0.019922 0.040972
0 0.127539 0.659375 0.025391 0.063194
0 0.091992 0.662847 0.024609 0.052083
0 0.181445 0.661111 0.026953 0.054167
0 0.904492 0.752083 0.044922 0.084722
