1 0.476758 0.729514 0.039453 0.071528
0 0.091406 0.661806 0.022656 0.051389
1 0.232617 0.676042 0.025391 0.046528
0 0.274023 0.662847 0.023828 0.049306
0 0.317969 0.683333 0.028125 0.051389
1 0.427148 0.676389 0.020703 0.050000
0 0.350977 0.681250 0.023047 0.041667
1 0.519922 0.699653 0.021875 0.061806
1 0.542969 0.673264 0.021875 0.047917
0 0.575195 0.648958 0.022266 0.036806
0 0.618555 0.652778 0.023828 0.037500
1 0.654687 0.645833 0.017969 0.044444
1 0.712695 0.700347 0.021484 0.040972
1 0.742578 0.692014 0.021875 0.040972
1 0.768750 0.699653 0.025781 0.046528
1 0.822656 0.761458 0.037500 0.075694
1 0.906445 0.750000 0.033203 0.075000
0 0.981641 0.795139 0.031250 0.079167
1 0.934766 0.652431 0.017969 0.032639
1 0.968359 0.652083 0.016406 0.041667
0 0.840234 0.676389 0.017969 0.038889
1 0.802734 0.666319 0.014844 0.036806
1 0.757227 0.645139 0.015234 0.031944
1 0.777344 0.622917 0.013281 0.030556
1 0.736914 0.615278 0.016016 0.030556
0 0.681445 0.641319 0.016016 0.034028
1 0.706641 0.618750 0.012500 0.030556
1 0.859570 0.622222 0.016016 0.036111
1 0.881445 0.630556 0.016016 0.034722
0 0.827539 0.606944 0.016797 0.030556
