1 0.458203 0.709722 0.028125 0.054167
0 0.487109 0.726042 0.025000 0.059028
0 0.246094 0.696875 0.024219 0.050694
0 0.186523 0.660069 0.027734 0.053472
0 0.122852 0.670139 0.026953 0.052778
0 0.087695 0.665278 0.023828 0.045833
1 0.320703 0.659028 0.022656 0.041667
0 0.358594 0.675000 0.022656 0.048611
1 0.405859 0.660764 0.024219 0.052083
1 0.375195 0.653819 0.019141 0.040972
0 0.512305 0.673958 0.023047 0.046528
1 0.463086 0.652431 0.016016 0.039583
0 0.571484 0.646528 0.015625 0.041667
1 0.634180 0.639931 0.014453 0.032639
1 0.743750 0.607292 0.017969 0.045139
0 0.809375 0.784375 0.035937 0.100694
1 0.903906 0.775694 0.035156 0.088889
1 0.806836 0.620139 0.011328 0.033333
0 0.804883 0.671875 0.016016 0.039583
0 0.851758 0.625694 0.015234 0.040278
0 0.881250 0.634375 0.017188 0.036806
0 0.792969 0.617014 0.011719 0.031250
0 0.783203 0.651389 0.015625 0.031944
0 0.835938 0.666667 0.017188 0.040278
0 0.650977 0.636458 0.016797 0.035417
1 0.484375 0.676389 0.021875 0.045833
