1 0.362891 0.683333 0.024219 0.061111
1 0.331055 0.676736 0.019922 0.045139
1 0.459570 0.706944 0.022266 0.052778
1 0.480859 0.734028 0.033594 0.079167
1 0.431641 0.677083 0.019531 0.045833
1 0.129297 0.670833 0.023438 0.054167
0 0.098242 0.658681 0.023047 0.050694
0 0.285156 0.674306 0.021094 0.047222
1 0.398438 0.659375 0.018750 0.043750
0 0.690039 0.698611 0.024609 0.045833
0 0.698438 0.668403 0.017969 0.040972
1 0.663281 0.636458 0.014844 0.035417
0 0.621875 0.647917 0.016406 0.033333
0 0.640234 0.623264 0.015625 0.029861
1 0.797461 0.687847 0.019141 0.046528
1 0.825000 0.762847 0.035156 0.078472
0 0.833594 0.668056 0.015625 0.037500
0 0.854688 0.626389 0.014844 0.030556
0 0.880664 0.629514 0.019922 0.034028
1 0.936914 0.656597 0.016016 0.039583
0 0.968945 0.656250 0.018359 0.043056
0 0.785156 0.608333 0.015625 0.033333
1 0.824609 0.618056 0.012500 0.033333
0 0.678125 0.625347 0.014063 0.029861
0 0.572656 0.644097 0.017188 0.036806
0 0.513867 0.692014 0.019922 0.043750
1 0.791992 0.656250 0.015234 0.038889
1 0.759375 0.654514 0.016406 0.035417
