0 0.098047 0.664931 0.030469 0.045139
0 0.190234 0.648264 0.028125 0.057639
1 0.140625 0.669792 0.029687 0.054861
1 0.329297 0.671181 0.025781 0.047917
1 0.482812 0.739236 0.029687 0.077083
1 0.455273 0.707986 0.026172 0.053472
1 0.403711 0.668750 0.021484 0.045833
1 0.437500 0.668056 0.021875 0.033333
1 0.459961 0.671528 0.024609 0.043056
1 0.537891 0.671181 0.021094 0.036806
1 0.361133 0.658333 0.015234 0.040278
1 0.825391 0.763194 0.036719 0.073611
1 0.900586 0.751736 0.026953 0.065972
1 0.964063 0.762500 0.032031 0.079167
1 0.738672 0.697222 0.021875 0.045833
1 0.687305 0.696181 0.021484 0.042361
1 0.626563 0.647569 0.018750 0.038194
1 0.650391 0.644097 0.018750 0.036806
1 0.581250 0.641667 0.017188 0.031944
0 0.688281 0.642014 0.015625 0.029861
1 0.712891 0.677778 0.016406 0.033333
1 0.833789 0.665625 0.017578 0.031250
1 0.801172 0.665625 0.020313 0.035417
1 0.759570 0.644444 0.016016 0.038889
0 0.875000 0.626736 0.014063 0.028472
0 0.823633 0.616319 0.014453 0.034028
0 0.788086 0.619444 0.013672 0.026389
1 0.735156 0.613542 0.014063 0.029861
1 0.708594 0.626736 0.017969 0.029861
1 0.664258 0.631250 0.016797 0.023611
1 0.938281 0.653125 0.014063 0.031250
0 0.971289 0.661806 0.015234 0.043056
