0 0.469141 0.734375 0.037500 0.078472
1 0.396094 0.677083 0.021875 0.055556
1 0.254688 0.677431 0.019531 0.053472
1 0.333789 0.671181 0.021484 0.046528
1 0.353906 0.680903 0.019531 0.050694
1 0.283398 0.670139 0.021484 0.045833
1 0.306055 0.661806 0.020703 0.041667
1 0.099219 0.654167 0.021094 0.047222
1 0.432422 0.665972 0.019531 0.047222
0 0.522852 0.684722 0.018359 0.050000
0 0.579492 0.643750 0.014453 0.034722
0 0.627930 0.649306 0.016797 0.034722
0 0.648047 0.646875 0.013281 0.035417
0 0.681250 0.700347 0.021875 0.047917
0 0.738867 0.703472 0.019922 0.050000
0 0.708789 0.678472 0.018359 0.031944
0 0.773828 0.699653 0.020313 0.053472
0 0.826562 0.765972 0.028125 0.080556
1 0.880859 0.628472 0.015625 0.034722
1 0.800781 0.663194 0.017188 0.041667
0 0.835352 0.670833 0.015234 0.036111
0 0.857227 0.631250 0.015234 0.036111
0 0.683594 0.647222 0.014063 0.033333
0 0.705078 0.631597 0.015625 0.027083
0 0.728711 0.621181 0.013672 0.027083
0 0.638477 0.621181 0.012891 0.031250
0 0.776758 0.642361 0.016797 0.038889
0 0.754883 0.651389 0.015234 0.031944
0 0.820898 0.622917 0.008984 0.027778
1 0.832617 0.649306 0.016016 0.027778
