1 0.325000 0.676042 0.021875 0.049306
1 0.353320 0.680903 0.026953 0.050694
1 0.297070 0.670833 0.024609 0.048611
0 0.221094 0.685417 0.025000 0.050000
0 0.460938 0.752778 0.044531 0.066667
1 0.491211 0.714931 0.029297 0.056250
1 0.426953 0.689931 0.021875 0.049306
1 0.460547 0.706944 0.023438 0.054167
1 0.519922 0.700347 0.021875 0.047917
1 0.482617 0.676389 0.026953 0.047222
0 0.372461 0.664931 0.023828 0.039583
0 0.409570 0.674306 0.019922 0.043056
1 0.581055 0.644792 0.014453 0.034028
0 0.623242 0.648264 0.016016 0.036806
0 0.647266 0.650000 0.014063 0.040278
0 0.679688 0.635417 0.014844 0.030556
0 0.636523 0.626389 0.011328 0.029167
1 0.708398 0.631250 0.015234 0.033333
0 0.733203 0.616319 0.013281 0.032639
0 0.756445 0.652778 0.017578 0.040278
0 0.703711 0.668403 0.020703 0.039583
0 0.679102 0.706250 0.024609 0.044444
1 0.735938 0.698611 0.022656 0.051389
1 0.825000 0.763542 0.027344 0.077083
1 0.891602 0.774306 0.031641 0.081944
0 0.836719 0.676389 0.016406 0.033333
0 0.805469 0.676389 0.017969 0.034722
1 0.824414 0.655208 0.014453 0.036806
1 0.790625 0.652431 0.014844 0.035417
1 0.881836 0.628819 0.012891 0.034028
0 0.852930 0.620139 0.014453 0.031944
1 0.933008 0.648264 0.016797 0.038194
0 0.966016 0.652083 0.015625 0.037500
1 0.983398 0.770833 0.033203 0.076389
0 0.823438 0.611806 0.010156 0.029167
0 0.187305 0.647569 0.028516 0.050694
