1 0.468359 0.747222 0.035156 0.077778
1 0.521484 0.698611 0.020313 0.048611
1 0.431250 0.671181 0.022656 0.042361
1 0.329688 0.680556 0.025000 0.041667
1 0.305664 0.681944 0.021484 0.045833
0 0.366406 0.668056 0.021094 0.038889
0 0.408789 0.663889 0.020703 0.034722
0 0.248633 0.684375 0.028516 0.052083
0 0.494727 0.671181 0.019922 0.042361
0 0.582227 0.640278 0.014453 0.037500
0 0.623633 0.644097 0.017578 0.035417
0 0.650195 0.647222 0.014453 0.037500
1 0.532813 0.672569 0.019531 0.045139
0 0.679492 0.701042 0.018359 0.042361
1 0.739062 0.695833 0.021875 0.047222
1 0.710938 0.665278 0.016406 0.036111
1 0.644531 0.622917 0.011719 0.027778
0 0.727344 0.621528 0.009375 0.026389
1 0.761133 0.648264 0.014453 0.029861
0 0.766211 0.681944 0.017578 0.031944
1 0.823242 0.759722 0.039453 0.084722
1 0.901563 0.748958 0.035937 0.079861
0 0.683789 0.645833 0.014453 0.033333
0 0.707031 0.631597 0.014844 0.028472
0 0.776172 0.643403 0.013281 0.029861
1 0.790039 0.653125 0.014453 0.035417
0 0.804883 0.670139 0.017578 0.044444
1 0.824023 0.652431 0.012891 0.035417
1 0.838281 0.668750 0.014844 0.040278
1 0.882227 0.629514 0.016016 0.028472
0 0.853516 0.628125 0.014844 0.032639
0 0.820508 0.615278 0.011328 0.030556
0 0.936133 0.649306 0.013672 0.036111
1 0.965625 0.647569 0.014063 0.039583
0 0.949609 0.630903 0.014063 0.034028
1 0.982227 0.779167 0.026953 0.091667
1 0.994531 0.706250 0.010937 0.044444
