1 0.827539 0.760417 0.033984 0.086111
1 0.902344 0.750347 0.034375 0.075694
1 0.982227 0.765625 0.034766 0.086806
1 0.937695 0.647917 0.016016 0.038889
1 0.968945 0.650694 0.014453 0.045833
0 0.835352 0.668056 0.019922 0.036111
1 0.780859 0.684375 0.022656 0.046528
0 0.747852 0.701736 0.022266 0.047917
1 0.696875 0.695139 0.019531 0.051389
1 0.804297 0.655903 0.017969 0.039583
1 0.756641 0.646181 0.012500 0.032639
1 0.778320 0.636806 0.013672 0.033333
0 0.820508 0.615278 0.015234 0.030556
0 0.853516 0.635417 0.017969 0.033333
1 0.883984 0.626042 0.016406 0.035417
1 0.730078 0.621181 0.014063 0.027083
1 0.705664 0.623264 0.015234 0.029861
0 0.679492 0.640278 0.016797 0.031944
1 0.652148 0.647917 0.019141 0.037500
0 0.621680 0.646528 0.017578 0.037500
1 0.581836 0.635069 0.016016 0.035417
1 0.541016 0.671181 0.019531 0.040972
0 0.630469 0.626389 0.015625 0.025000
1 0.512500 0.725347 0.033594 0.068750
1 0.485547 0.715972 0.028906 0.055556
0 0.424023 0.692361 0.025391 0.061111
1 0.334766 0.681944 0.021094 0.043056
0 0.395703 0.689931 0.021875 0.052083
1 0.456055 0.672917 0.019922 0.044444
0 0.370312 0.668403 0.022656 0.040972
1 0.303125 0.677431 0.018750 0.042361
1 0.284766 0.671875 0.019531 0.043750
1 0.255469 0.679514 0.024219 0.045139
1 0.218750 0.664236 0.025781 0.050694
0 0.480273 0.674653 0.019141 0.045139
0 0.498633 0.670139 0.020703 0.038889
