1 0.747266 0.687500 0.019531 0.040278
1 0.695898 0.697917 0.020703 0.041667
1 0.818945 0.769792 0.033203 0.074306
1 0.887891 0.762847 0.039844 0.074306
1 0.980859 0.769792 0.032031 0.082639
1 0.937500 0.656944 0.017188 0.038889
0 0.971875 0.657639 0.017969 0.044444
0 0.834961 0.673264 0.017578 0.039583
0 0.798828 0.680208 0.019531 0.038194
1 0.789844 0.650000 0.015625 0.031944
1 0.753906 0.651736 0.017188 0.036806
1 0.711719 0.666319 0.021875 0.038194
1 0.651758 0.642361 0.016797 0.037500
0 0.623828 0.645833 0.017969 0.040278
1 0.580078 0.631250 0.018750 0.031944
0 0.681836 0.644792 0.016797 0.031250
0 0.729297 0.621875 0.014063 0.028472
0 0.824219 0.610069 0.012500 0.029861
1 0.822656 0.655208 0.016406 0.034028
0 0.858398 0.630556 0.015234 0.038889
1 0.882422 0.632639 0.017188 0.037500
1 0.539648 0.668056 0.024609 0.048611
1 0.520898 0.696181 0.023047 0.052083
1 0.488672 0.681597 0.023438 0.057639
1 0.469531 0.731597 0.039062 0.067361
0 0.422852 0.701389 0.031641 0.066667
0 0.321289 0.687153 0.029297 0.056250
1 0.274805 0.664931 0.025391 0.043750
1 0.253516 0.679514 0.023438 0.050694
1 0.205273 0.677778 0.025391 0.050000
1 0.095703 0.660417 0.021094 0.050000
1 0.301953 0.659375 0.017969 0.046528
0 0.360938 0.670486 0.021875 0.042361
0 0.406445 0.681250 0.017578 0.044444
