1 0.330664 0.664236 0.019922 0.050694
1 0.311914 0.677431 0.020703 0.049306
0 0.275195 0.662500 0.023047 0.050000
1 0.232227 0.679514 0.022266 0.047917
0 0.203516 0.661806 0.025000 0.059722
0 0.093555 0.660764 0.026172 0.053472
1 0.427148 0.676389 0.023047 0.045833
1 0.458008 0.702431 0.023047 0.049306
1 0.473633 0.735069 0.036328 0.070139
1 0.519922 0.701389 0.025000 0.050000
1 0.543164 0.670139 0.023828 0.047222
0 0.482227 0.671181 0.019922 0.049306
1 0.503711 0.662847 0.021484 0.043750
0 0.573438 0.650694 0.018750 0.034722
0 0.617188 0.650347 0.017969 0.035417
1 0.656055 0.638542 0.017578 0.036806
0 0.679492 0.640625 0.016016 0.029861
1 0.737305 0.614236 0.013672 0.031250
1 0.704883 0.671528 0.014453 0.034722
1 0.711719 0.704167 0.020313 0.043056
1 0.742578 0.690625 0.019531 0.038194
1 0.768945 0.702778 0.024609 0.050000
1 0.804883 0.671528 0.018359 0.041667
1 0.757812 0.645833 0.017969 0.034722
1 0.787109 0.650347 0.016406 0.036806
1 0.860156 0.622569 0.017188 0.028472
1 0.880859 0.628472 0.012500 0.027778
1 0.822070 0.763889 0.036328 0.087500
1 0.905859 0.752778 0.035937 0.079167
1 0.937695 0.651736 0.016797 0.039583
1 0.969336 0.649653 0.016797 0.040972
1 0.992578 0.714236 0.014844 0.046528
0 0.840820 0.676389 0.015234 0.034722
0 0.828711 0.608333 0.016016 0.030556
1 0.776953 0.625694 0.014063 0.029167
1 0.706641 0.619444 0.016406 0.033333
1 0.837500 0.647917 0.018750 0.030556
0 0.365820 0.673611 0.021484 0.037500
