1 0.519727 0.732292 0.037891 0.077083
1 0.490234 0.718403 0.031250 0.064583
1 0.460156 0.706250 0.026562 0.066667
0 0.425586 0.686458 0.023828 0.049306
1 0.314063 0.671875 0.023438 0.049306
1 0.282813 0.661806 0.022656 0.052778
1 0.236133 0.676736 0.019922 0.043750
1 0.300586 0.684028 0.016797 0.043056
0 0.349609 0.687153 0.021875 0.036806
0 0.409570 0.665278 0.016797 0.041667
1 0.484180 0.672569 0.022266 0.045139
1 0.513281 0.659375 0.017188 0.039583
1 0.540430 0.670139 0.022266 0.045833
1 0.569922 0.633333 0.020313 0.038889
1 0.627148 0.648958 0.018359 0.031250
1 0.652148 0.640625 0.016797 0.032639
1 0.705078 0.698264 0.021875 0.036806
1 0.745898 0.696181 0.019922 0.042361
1 0.796094 0.699306 0.025000 0.045833
1 0.823828 0.764931 0.032031 0.071528
0 0.868945 0.789931 0.042578 0.088194
0 0.832617 0.668056 0.014453 0.038889
1 0.804492 0.663542 0.017578 0.043750
0 0.756641 0.652778 0.019531 0.038889
1 0.788281 0.648611 0.014844 0.030556
1 0.858008 0.623958 0.015234 0.039583
1 0.882812 0.625000 0.016406 0.036111
1 0.937305 0.645139 0.015234 0.044444
0 0.968555 0.660764 0.014453 0.042361
1 0.712695 0.627431 0.016016 0.031250
1 0.737891 0.614236 0.015625 0.028472
0 0.679688 0.642361 0.015625 0.030556
1 0.709766 0.668403 0.017188 0.034028
