1 0.324805 0.662153 0.026172 0.056250
1 0.300977 0.678819 0.023828 0.045139
1 0.279687 0.661806 0.024219 0.048611
1 0.253516 0.677083 0.023438 0.047222
1 0.200977 0.673611 0.023828 0.050000
1 0.457227 0.706944 0.024609 0.056944
1 0.491992 0.720486 0.023828 0.056250
1 0.516797 0.729167 0.031250 0.072222
1 0.523242 0.664583 0.022266 0.041667
1 0.484766 0.678125 0.021094 0.047917
1 0.428125 0.681944 0.025000 0.045833
0 0.376367 0.663542 0.026953 0.046528
0 0.349414 0.684375 0.018359 0.040972
1 0.577539 0.633681 0.017578 0.034028
1 0.625781 0.645486 0.017969 0.035417
1 0.654102 0.639583 0.013672 0.033333
1 0.635352 0.619444 0.010547 0.031944
1 0.693750 0.692708 0.017969 0.042361
0 0.745703 0.701042 0.022656 0.049306
1 0.713672 0.667361 0.017188 0.037500
1 0.756055 0.645833 0.016797 0.041667
1 0.819922 0.768750 0.037500 0.073611
1 0.901758 0.749306 0.029297 0.073611
1 0.978906 0.767361 0.034375 0.076389
1 0.935352 0.648611 0.016797 0.045833
1 0.969336 0.655903 0.016797 0.040972
1 0.801758 0.658681 0.016016 0.038194
1 0.829492 0.647917 0.014453 0.031944
1 0.855078 0.620833 0.017188 0.038889
1 0.881641 0.626389 0.016406 0.034722
1 0.784961 0.647222 0.015234 0.034722
1 0.730078 0.618750 0.016406 0.030556
0 0.680469 0.644097 0.017188 0.036806
0 0.771484 0.628472 0.014844 0.029167
