1 0.517773 0.731597 0.031641 0.065972
1 0.708789 0.696875 0.023047 0.047917
1 0.746875 0.699306 0.026562 0.054167
1 0.789453 0.704861 0.023438 0.050000
1 0.819922 0.763889 0.034375 0.076389
1 0.900977 0.755208 0.032422 0.078472
1 0.973047 0.764583 0.036719 0.083333
1 0.489063 0.712847 0.025000 0.057639
1 0.457422 0.703819 0.023438 0.059028
1 0.428320 0.685764 0.021484 0.042361
1 0.323633 0.672917 0.024609 0.052778
1 0.293555 0.680208 0.021484 0.049306
1 0.255664 0.679167 0.023828 0.048611
1 0.094336 0.656944 0.022266 0.047222
1 0.522656 0.662153 0.023438 0.047917
1 0.575586 0.641319 0.019922 0.040972
1 0.654297 0.642014 0.014063 0.040972
1 0.729492 0.621528 0.013672 0.038889
1 0.710547 0.625694 0.016406 0.030556
1 0.633789 0.615972 0.015234 0.031944
0 0.628125 0.644097 0.018750 0.036806
1 0.756836 0.646528 0.016797 0.034722
1 0.788477 0.651389 0.016797 0.031944
1 0.808398 0.667014 0.015234 0.038194
0 0.833398 0.673264 0.016797 0.040972
1 0.884961 0.627083 0.016797 0.033333
1 0.843555 0.639583 0.015234 0.034722
1 0.938672 0.653125 0.016406 0.035417
0 0.967773 0.657986 0.014453 0.045139
0 0.677930 0.646181 0.019141 0.042361
0 0.352344 0.685069 0.021875 0.045139
