0 0.465820 0.751736 0.039453 0.081250
1 0.524219 0.695833 0.025000 0.058333
1 0.430078 0.683681 0.025000 0.047917
0 0.310742 0.679514 0.030859 0.054861
1 0.256055 0.678472 0.025391 0.052778
0 0.203320 0.665625 0.027734 0.053472
0 0.278320 0.678472 0.023828 0.048611
0 0.353516 0.681597 0.021875 0.046528
0 0.413672 0.673264 0.017969 0.039583
0 0.487500 0.683681 0.025781 0.046528
1 0.516992 0.664236 0.022266 0.042361
1 0.576172 0.640625 0.016406 0.038194
1 0.653906 0.635764 0.017969 0.043750
1 0.791406 0.701042 0.023438 0.050694
0 0.752148 0.707292 0.029297 0.047917
0 0.700391 0.700000 0.022656 0.040278
1 0.834180 0.760764 0.032422 0.082639
1 0.898242 0.759028 0.036328 0.081944
1 0.986328 0.760764 0.027344 0.079861
1 0.992773 0.685417 0.014453 0.048611
1 0.962305 0.654861 0.019141 0.037500
1 0.934961 0.653819 0.016797 0.038194
0 0.838672 0.670833 0.020313 0.043056
1 0.808984 0.667708 0.017969 0.038194
1 0.789453 0.649653 0.014844 0.032639
0 0.854883 0.631597 0.019141 0.039583
1 0.884766 0.629861 0.014844 0.037500
0 0.729102 0.625694 0.016797 0.034722
0 0.703906 0.626042 0.015625 0.027083
0 0.680469 0.641319 0.015625 0.034028
0 0.771289 0.626736 0.026953 0.045139
