1 0.473242 0.731944 0.037891 0.069444
1 0.534766 0.669792 0.023438 0.043750
1 0.349414 0.675000 0.025391 0.052778
1 0.328320 0.681250 0.019141 0.052778
1 0.256641 0.680208 0.020313 0.046528
1 0.211328 0.663194 0.027344 0.051389
1 0.129102 0.666667 0.026172 0.048611
1 0.102930 0.652431 0.017578 0.045139
1 0.274023 0.662500 0.020703 0.045833
1 0.426953 0.682639 0.019531 0.043056
1 0.703906 0.701736 0.019531 0.045139
1 0.751367 0.699653 0.018359 0.045139
1 0.574609 0.640278 0.017188 0.036111
0 0.651172 0.639583 0.020313 0.037500
0 0.620117 0.650694 0.019141 0.034722
0 0.683008 0.647222 0.014453 0.033333
1 0.728516 0.620833 0.015625 0.037500
0 0.755273 0.652431 0.017578 0.038194
1 0.784766 0.709028 0.022656 0.048611
0 0.831641 0.776042 0.034375 0.075694
1 0.902344 0.751389 0.039062 0.065278
1 0.981445 0.764583 0.036328 0.076389
1 0.936328 0.651736 0.013281 0.036806
1 0.972266 0.652778 0.021094 0.041667
1 0.992969 0.664583 0.014063 0.050000
1 0.882422 0.627083 0.017969 0.031944
1 0.847070 0.672222 0.013672 0.040278
1 0.810352 0.669792 0.015234 0.038194
1 0.790625 0.655903 0.017969 0.036806
1 0.783203 0.637153 0.014844 0.025694
0 0.771289 0.625000 0.015234 0.038889
0 0.712305 0.621181 0.013672 0.027083
0 0.669336 0.630208 0.013672 0.035417
0 0.707422 0.643056 0.020313 0.037500
0 0.821289 0.618403 0.014453 0.031250
0 0.482422 0.675000 0.025781 0.044444
