0 0.463086 0.743403 0.038672 0.078472
0 0.488672 0.722222 0.028125 0.066667
0 0.427734 0.686458 0.025781 0.050694
0 0.341797 0.687500 0.028125 0.058333
0 0.318164 0.677431 0.025391 0.060417
0 0.280469 0.674306 0.027344 0.058333
1 0.299414 0.659722 0.021484 0.045833
0 0.373437 0.666319 0.021875 0.045139
0 0.410156 0.670139 0.017188 0.038889
0 0.525391 0.682639 0.018750 0.047222
0 0.573242 0.642708 0.019141 0.039583
1 0.653711 0.641667 0.016016 0.047222
0 0.618555 0.652778 0.023047 0.037500
1 0.746875 0.697917 0.025000 0.048611
1 0.712305 0.662847 0.016797 0.035417
1 0.785742 0.708333 0.022266 0.051389
1 0.834375 0.767014 0.039062 0.078472
1 0.902734 0.752778 0.036719 0.076389
1 0.987695 0.771181 0.024609 0.081250
1 0.810547 0.668750 0.017969 0.040278
0 0.836328 0.672569 0.017969 0.039583
1 0.791016 0.650347 0.018750 0.039583
0 0.753320 0.647917 0.018359 0.037500
0 0.823633 0.621875 0.012109 0.027083
1 0.827539 0.648958 0.016016 0.031250
1 0.733984 0.615625 0.015625 0.036806
0 0.680273 0.645139 0.016016 0.037500
0 0.938086 0.650694 0.013672 0.044444
0 0.972656 0.650347 0.016406 0.043750
0 0.482617 0.679514 0.024609 0.045139
