1 0.178320 0.670139 0.024609 0.045833
1 0.227734 0.680556 0.025000 0.045833
0 0.203125 0.663194 0.027344 0.058333
1 0.336914 0.685764 0.023828 0.049306
1 0.310156 0.679514 0.023438 0.049306
0 0.282813 0.671528 0.020313 0.041667
0 0.490625 0.742708 0.031250 0.074306
1 0.426953 0.675347 0.018750 0.046528
1 0.466992 0.709722 0.026953 0.059722
1 0.524023 0.697917 0.023047 0.047222
0 0.485742 0.681597 0.022266 0.045139
0 0.518359 0.663889 0.021094 0.044444
0 0.573438 0.640625 0.014063 0.032639
0 0.625977 0.650000 0.016797 0.036111
1 0.649805 0.641667 0.016797 0.037500
0 0.710156 0.701042 0.021094 0.045139
1 0.746484 0.693056 0.021875 0.050000
1 0.786133 0.702431 0.024609 0.040972
1 0.832812 0.756944 0.035937 0.080556
0 0.678320 0.643403 0.016016 0.028472
1 0.754492 0.644792 0.018359 0.040972
1 0.808594 0.665278 0.017188 0.036111
1 0.788867 0.651389 0.014453 0.031944
0 0.702734 0.628472 0.014844 0.030556
0 0.672070 0.632292 0.011328 0.025694
0 0.734375 0.616319 0.010156 0.029861
1 0.828125 0.647569 0.015625 0.031250
0 0.837109 0.673611 0.014063 0.037500
0 0.775391 0.641667 0.012500 0.031944
0 0.853906 0.630208 0.014063 0.029861
0 0.886328 0.629861 0.014063 0.030556
0 0.824609 0.620139 0.010937 0.031944
0 0.794727 0.630903 0.015234 0.031250
0 0.411328 0.671875 0.017188 0.034028
0 0.371875 0.666667 0.018750 0.038889
0 0.900977 0.755208 0.030859 0.090972
0 0.985938 0.778819 0.028125 0.095139
1 0.943945 0.653472 0.017578 0.037500
1 0.972461 0.649306 0.016016 0.037500
0 0.841797 0.647569 0.011719 0.031250
0 0.983008 0.625694 0.009766 0.030556
