1 0.173242 0.667361 0.022266 0.051389
0 0.224414 0.671528 0.025391 0.047222
1 0.254883 0.680556 0.022266 0.047222
0 0.280078 0.677431 0.023438 0.045139
1 0.310547 0.690278 0.017969 0.041667
1 0.334180 0.689931 0.019141 0.043750
0 0.370312 0.667361 0.019531 0.040278
0 0.422070 0.685417 0.019141 0.044444
1 0.478320 0.738542 0.036328 0.075694
0 0.477344 0.678819 0.018750 0.049306
1 0.504687 0.663889 0.017188 0.033333
0 0.517383 0.683333 0.022266 0.038889
0 0.583203 0.639931 0.015625 0.031250
0 0.625977 0.651042 0.016016 0.034028
0 0.649219 0.644097 0.016406 0.036806
0 0.634180 0.624306 0.011328 0.026389
0 0.677734 0.646181 0.013281 0.029861
0 0.706836 0.700347 0.018359 0.039583
0 0.711719 0.667014 0.014844 0.034028
1 0.754687 0.650000 0.019531 0.031944
1 0.808789 0.669792 0.013672 0.038194
0 0.855469 0.627778 0.017188 0.029167
1 0.790039 0.651736 0.012109 0.036806
1 0.825781 0.648264 0.012500 0.031250
0 0.727930 0.625000 0.013672 0.025000
0 0.832812 0.773264 0.032031 0.075694
0 0.907227 0.760069 0.029297 0.081250
1 0.942187 0.652083 0.011719 0.030556
0 0.885938 0.637847 0.013281 0.036806
