1 0.168359 0.674306 0.025000 0.048611
1 0.218750 0.685764 0.021094 0.043750
0 0.201953 0.674653 0.022656 0.050694
0 0.276953 0.678819 0.022656 0.046528
1 0.327734 0.676042 0.021875 0.047917
0 0.296289 0.669097 0.025391 0.049306
0 0.423633 0.686111 0.021484 0.047222
1 0.459766 0.665625 0.020313 0.032639
1 0.458984 0.706250 0.025000 0.058333
1 0.484961 0.742361 0.037109 0.070833
1 0.524219 0.697222 0.023438 0.044444
0 0.496875 0.671875 0.025000 0.040972
0 0.543750 0.673958 0.021875 0.039583
0 0.580273 0.643403 0.016016 0.032639
0 0.631836 0.635417 0.016016 0.029167
0 0.651953 0.634722 0.016406 0.029167
0 0.678516 0.645486 0.014844 0.028472
0 0.705273 0.698611 0.016797 0.034722
1 0.716016 0.665278 0.014844 0.036111
0 0.751953 0.651042 0.021094 0.042361
1 0.775000 0.686806 0.021875 0.052778
0 0.745898 0.696528 0.019922 0.044444
1 0.832812 0.759722 0.032813 0.076389
1 0.907617 0.759028 0.037109 0.098611
1 0.978516 0.774653 0.032031 0.092361
1 0.808984 0.670486 0.015625 0.031250
1 0.885938 0.634028 0.017188 0.034722
0 0.823047 0.619097 0.009375 0.029861
1 0.937891 0.654167 0.014844 0.031944
0 0.372266 0.671875 0.029687 0.040972
