0 0.119922 0.662847 0.025000 0.052083
1 0.157617 0.677431 0.026953 0.056250
1 0.219922 0.670833 0.027344 0.058333
1 0.255664 0.680903 0.023047 0.049306
0 0.277930 0.669792 0.020703 0.053472
0 0.297461 0.690972 0.020703 0.041667
1 0.324414 0.675000 0.025391 0.043056
1 0.357812 0.672222 0.021875 0.040278
1 0.295508 0.642708 0.022266 0.042361
1 0.381250 0.647917 0.017969 0.037500
1 0.415234 0.698958 0.027344 0.056250
0 0.806836 0.776736 0.043359 0.095139
0 0.696875 0.706597 0.027344 0.043750
0 0.746484 0.695833 0.025781 0.047222
0 0.715039 0.664931 0.019922 0.036806
1 0.587695 0.637847 0.015234 0.038194
0 0.633594 0.636806 0.014063 0.037500
0 0.650195 0.644444 0.020703 0.036111
0 0.648438 0.613889 0.012500 0.029167
0 0.668945 0.630903 0.012891 0.034028
