0 0.113086 0.661111 0.023047 0.054167
0 0.155859 0.683681 0.028906 0.056250
0 0.223438 0.668403 0.032031 0.059028
1 0.253906 0.678125 0.025000 0.049306
0 0.278125 0.667014 0.025000 0.046528
1 0.296094 0.688542 0.022656 0.047917
1 0.314648 0.681597 0.026953 0.047917
0 0.810156 0.777778 0.040625 0.093056
0 0.880859 0.767014 0.034375 0.100694
0 0.697656 0.707292 0.024219 0.046528
0 0.741211 0.697569 0.023047 0.052083
1 0.588086 0.636806 0.015234 0.037500
0 0.617969 0.641667 0.022656 0.036111
0 0.651172 0.643750 0.014844 0.034722
1 0.713477 0.664931 0.016797 0.036806
1 0.761328 0.654514 0.015625 0.035417
1 0.828125 0.650000 0.013281 0.031944
1 0.936523 0.635417 0.015234 0.034722
