1 0.121094 0.657986 0.017969 0.050694
0 0.155469 0.680208 0.029687 0.057639
1 0.219336 0.665972 0.026953 0.051389
0 0.254688 0.679861 0.021875 0.052778
0 0.278125 0.668056 0.024219 0.050000
1 0.472461 0.755208 0.040234 0.079861
1 0.420508 0.695486 0.026172 0.063194
1 0.459375 0.704514 0.021094 0.054861
1 0.543359 0.672222 0.021094 0.040278
1 0.588281 0.637153 0.017969 0.035417
0 0.489258 0.688889 0.023828 0.048611
0 0.650000 0.647222 0.017969 0.033333
0 0.711914 0.663194 0.016016 0.037500
0 0.695898 0.705903 0.026172 0.039583
0 0.740234 0.694792 0.025000 0.049306
0 0.811719 0.774653 0.038281 0.079861
1 0.786914 0.601042 0.013672 0.031250
1 0.830859 0.623611 0.014844 0.020833
1 0.936328 0.645486 0.014063 0.039583
1 0.896875 0.761458 0.040625 0.088194
