1 0.575586 0.692014 0.058203 0.096528
1 0.317188 0.671875 0.047656 0.077083
0 0.230859 0.656944 0.042188 0.079167
0 0.183203 0.679861 0.038281 0.079167
0 0.119141 0.658333 0.033594 0.065278
1 0.627539 0.674306 0.048828 0.076389
1 0.413281 0.697917 0.034375 0.072222
0 0.479297 0.682639 0.032813 0.065278
0 0.429297 0.636806 0.032813 0.068056
0 0.151953 0.652778 0.029687 0.063889
1 0.670898 0.669444 0.037109 0.063889
0 0.905664 0.736458 0.032422 0.082639
0 0.796680 0.722222 0.032422 0.094444
0 0.753320 0.711458 0.032422 0.071528
0 0.727930 0.668056 0.026953 0.061111
0 0.770898 0.665972 0.023828 0.044444
1 0.974219 0.669444 0.032031 0.077778
1 0.893945 0.668403 0.029297 0.061806
1 0.824414 0.681597 0.032422 0.061806
0 0.044922 0.639236 0.025000 0.056250
1 0.095117 0.618056 0.015234 0.038889
1 0.137109 0.618403 0.019531 0.045139
0 0.352734 0.681597 0.029687 0.060417
1 0.399219 0.638194 0.021094 0.041667
0 0.539258 0.656597 0.029297 0.061806
1 0.499219 0.644097 0.026562 0.046528
0 0.284570 0.625000 0.019922 0.043056
1 0.789453 0.587153 0.015625 0.029861
0 0.800781 0.628819 0.017188 0.042361
1 0.850000 0.628472 0.021875 0.036111
0 0.950195 0.672569 0.023047 0.065972
1 0.665625 0.624306 0.016406 0.030556
0 0.364063 0.643403 0.025781 0.054861
0 0.520312 0.570833 0.013281 0.031944
0 0.545117 0.576736 0.011328 0.031250
1 0.723242 0.575000 0.017578 0.031944
0 0.820508 0.588542 0.017578 0.035417
1 0.908398 0.576736 0.017578 0.035417
0 0.441211 0.587847 0.016797 0.025694
0 0.571680 0.603125 0.017578 0.040972
0 0.605078 0.618403 0.016406 0.028472
0 0.689844 0.596875 0.013281 0.031250
1 0.678711 0.612153 0.010547 0.027083
1 0.675586 0.582292 0.008984 0.022917
0 0.589453 0.588194 0.014063 0.034722
1 0.476367 0.589236 0.009766 0.028472
1 0.503711 0.576736 0.009766 0.025694
0 0.488281 0.590625 0.011719 0.027083
0 0.416602 0.586111 0.014453 0.030556
1 0.617969 0.586806 0.013281 0.029167
1 0.639844 0.604861 0.014844 0.037500
0 0.464844 0.609028 0.014063 0.034722
1 0.392383 0.584722 0.011328 0.031944
1 0.380273 0.587500 0.008984 0.025000
1 0.848828 0.577778 0.015625 0.027778
1 0.876953 0.617361 0.013281 0.037500
0 0.914258 0.632986 0.016797 0.035417
0 0.360156 0.604514 0.014844 0.025694
