1 0.548242 0.692708 0.063672 0.109028
0 0.315234 0.688889 0.048438 0.084722
1 0.411133 0.690625 0.029297 0.050694
0 0.491016 0.650694 0.032031 0.072222
0 0.617773 0.720833 0.041797 0.088889
0 0.660547 0.700000 0.039062 0.073611
1 0.805664 0.671181 0.034766 0.089583
0 0.921094 0.752083 0.037500 0.084722
0 0.982617 0.687847 0.028516 0.075694
1 0.951953 0.667361 0.027344 0.063889
0 0.898047 0.698958 0.029687 0.067361
0 0.706836 0.658681 0.021484 0.059028
1 0.206445 0.668403 0.035547 0.067361
0 0.137500 0.669792 0.035937 0.075694
0 0.114844 0.634028 0.023438 0.073611
0 0.044531 0.637153 0.028906 0.060417
1 0.283398 0.658681 0.027734 0.075694
0 0.370508 0.659028 0.026172 0.061111
0 0.245703 0.659722 0.033594 0.070833
1 0.656641 0.618403 0.015625 0.034028
1 0.615039 0.634375 0.017578 0.036806
1 0.587891 0.662500 0.020313 0.043056
1 0.346680 0.632986 0.017578 0.034028
0 0.923828 0.654167 0.015625 0.038889
0 0.759180 0.637500 0.019922 0.051389
0 0.726367 0.654514 0.023828 0.052083
0 0.180469 0.618403 0.014844 0.035417
0 0.519531 0.575347 0.011719 0.025694
0 0.541602 0.580208 0.013672 0.027083
0 0.565430 0.602778 0.016016 0.037500
0 0.577734 0.624306 0.017188 0.029167
0 0.720313 0.587153 0.018750 0.031250
0 0.789453 0.587847 0.020313 0.036806
0 0.909180 0.585417 0.018359 0.045833
0 0.820898 0.592708 0.016016 0.025694
0 0.848828 0.625694 0.019531 0.037500
0 0.879492 0.625000 0.017578 0.041667
0 0.678516 0.609722 0.016406 0.040278
0 0.616406 0.588542 0.013281 0.028472
0 0.454688 0.573611 0.011719 0.034722
0 0.479492 0.596181 0.012109 0.029861
1 0.464453 0.598611 0.011719 0.026389
0 0.387305 0.613542 0.014453 0.032639
1 0.445312 0.642708 0.023438 0.038194
0 0.589258 0.588542 0.017578 0.029861
0 0.596680 0.613542 0.015234 0.029861
0 0.635156 0.611111 0.011719 0.037500
0 0.442383 0.608681 0.016797 0.035417
0 0.499219 0.571875 0.015625 0.022917
0 0.468555 0.569792 0.011328 0.021528
0 0.390625 0.585764 0.017969 0.028472
0 0.418750 0.587153 0.016406 0.031250
1 0.508203 0.617361 0.017969 0.023611
