1 0.545117 0.701389 0.060547 0.109722
0 0.799219 0.697569 0.037500 0.100694
0 0.624219 0.702431 0.032813 0.097917
0 0.677539 0.698958 0.032422 0.071528
0 0.905859 0.713889 0.039844 0.076389
0 0.736133 0.712153 0.033984 0.071528
1 0.704883 0.653125 0.033203 0.059028
1 0.317383 0.693056 0.047266 0.081944
0 0.388672 0.690625 0.035937 0.070139
0 0.360938 0.690625 0.029687 0.063194
0 0.484375 0.690972 0.032813 0.066667
0 0.416016 0.662500 0.028125 0.059722
1 0.042773 0.618056 0.024609 0.052778
0 0.137500 0.685417 0.035937 0.069444
0 0.215820 0.671528 0.037891 0.083333
0 0.178906 0.654514 0.033594 0.078472
1 0.757812 0.619792 0.020313 0.047917
0 0.729102 0.656250 0.023828 0.052778
0 0.959375 0.707292 0.032031 0.074306
0 0.587305 0.657639 0.026172 0.043056
0 0.252539 0.631597 0.023828 0.036806
1 0.657422 0.624653 0.019531 0.032639
1 0.616992 0.630208 0.016797 0.038194
0 0.374609 0.630208 0.017969 0.035417
1 0.274414 0.615972 0.016797 0.034722
0 0.296680 0.629861 0.020703 0.040278
0 0.916406 0.627083 0.017969 0.034722
0 0.542969 0.579861 0.016406 0.027778
0 0.723437 0.581944 0.016406 0.025000
0 0.790430 0.588889 0.019922 0.034722
0 0.820312 0.591667 0.014063 0.030556
0 0.876367 0.626389 0.016797 0.034722
1 0.393164 0.587500 0.013672 0.026389
0 0.458398 0.577778 0.010547 0.027778
0 0.514062 0.578819 0.014844 0.032639
0 0.491992 0.597222 0.017578 0.027778
0 0.355859 0.609375 0.014063 0.024306
0 0.379688 0.598264 0.014844 0.022917
0 0.430859 0.616667 0.016406 0.020833
0 0.569336 0.598611 0.008203 0.029167
0 0.592187 0.595486 0.021094 0.034028
1 0.512500 0.622569 0.017969 0.036806
0 0.851758 0.593056 0.009766 0.036111
0 0.847461 0.633681 0.013672 0.027083
0 0.808789 0.632986 0.018359 0.025694
0 0.929688 0.682986 0.021875 0.060417
1 0.454297 0.630208 0.014063 0.031250
