1 0.540430 0.697222 0.060547 0.102778
0 0.321875 0.692014 0.042969 0.085417
0 0.262305 0.689583 0.044922 0.087500
0 0.187500 0.679861 0.041406 0.084722
0 0.144336 0.677778 0.035547 0.072222
0 0.121484 0.654861 0.026562 0.069444
1 0.048242 0.624653 0.026953 0.054861
0 0.024805 0.628125 0.021484 0.065972
0 0.418555 0.688194 0.024609 0.069444
1 0.444336 0.643403 0.018359 0.040972
0 0.679102 0.708681 0.031641 0.077083
0 0.619336 0.730903 0.035547 0.085417
0 0.799609 0.701042 0.030469 0.095139
0 0.916797 0.727778 0.034375 0.100000
0 0.976562 0.661111 0.028125 0.081944
0 0.738477 0.671181 0.033203 0.085417
0 0.703125 0.670833 0.017969 0.061111
0 0.828125 0.683333 0.028906 0.090278
0 0.891797 0.682292 0.027344 0.070139
0 0.490625 0.677083 0.029687 0.070833
0 0.393945 0.613889 0.017578 0.030556
1 0.258789 0.626042 0.030078 0.043750
1 0.416602 0.638194 0.027734 0.045833
0 0.789648 0.597222 0.017578 0.040278
1 0.658594 0.620833 0.016406 0.030556
0 0.616992 0.629514 0.016797 0.035417
1 0.203906 0.620486 0.017969 0.039583
0 0.084961 0.629514 0.018359 0.036806
0 0.221094 0.647569 0.027344 0.054861
0 0.593359 0.670139 0.025000 0.044444
1 0.810742 0.622569 0.017578 0.038194
0 0.915430 0.642361 0.016797 0.037500
1 0.329688 0.626736 0.018750 0.027083
0 0.300977 0.627431 0.018359 0.032639
1 0.546289 0.574306 0.015234 0.029167
1 0.567969 0.587500 0.017969 0.031944
1 0.543359 0.610417 0.016406 0.031944
1 0.480469 0.569792 0.014844 0.017361
0 0.452344 0.571875 0.017969 0.029861
0 0.468750 0.613194 0.014844 0.031944
0 0.517578 0.574306 0.014844 0.030556
0 0.499609 0.573611 0.014063 0.020833
0 0.492383 0.597917 0.019141 0.030556
0 0.503125 0.625694 0.015625 0.034722
0 0.402930 0.581944 0.012891 0.030556
0 0.418750 0.588194 0.008594 0.023611
0 0.357617 0.599653 0.016797 0.031250
0 0.379297 0.596528 0.014844 0.030556
0 0.391797 0.659722 0.020313 0.041667
1 0.591016 0.590625 0.017188 0.031250
1 0.686914 0.606250 0.011328 0.034722
0 0.721875 0.582639 0.018750 0.026389
0 0.692773 0.577778 0.019141 0.027778
1 0.625586 0.598611 0.016016 0.029167
0 0.643555 0.611458 0.014453 0.028472
0 0.850781 0.584722 0.020313 0.033333
0 0.852539 0.638194 0.016016 0.034722
0 0.822266 0.589931 0.014844 0.038194
0 0.879883 0.593403 0.018359 0.027083
1 0.881445 0.620833 0.016797 0.029167
0 0.915234 0.590278 0.013281 0.037500
0 0.949023 0.672917 0.025391 0.052778
