1 0.576758 0.693056 0.058984 0.100000
0 0.542383 0.639236 0.018359 0.042361
0 0.416016 0.709375 0.035937 0.071528
1 0.379102 0.672222 0.033984 0.055556
1 0.308203 0.682292 0.052344 0.097917
1 0.204492 0.658333 0.038672 0.069444
1 0.245898 0.637500 0.034766 0.069444
0 0.152539 0.652431 0.032422 0.074306
0 0.113281 0.649306 0.029687 0.072222
0 0.046289 0.632292 0.022266 0.057639
0 0.028516 0.623611 0.019531 0.059722
0 0.086133 0.632639 0.023828 0.047222
1 0.170508 0.629167 0.019922 0.040278
1 0.348242 0.631597 0.015234 0.032639
1 0.632031 0.691319 0.040625 0.078472
1 0.679492 0.675000 0.036328 0.058333
0 0.802539 0.722222 0.034766 0.093056
1 0.914062 0.704861 0.033594 0.100000
1 0.947461 0.663542 0.033203 0.070139
0 0.751953 0.688194 0.031250 0.084722
0 0.705273 0.668750 0.024609 0.066667
1 0.664453 0.622917 0.017969 0.031944
0 0.488281 0.680208 0.036719 0.072917
0 0.421875 0.655903 0.028125 0.053472
1 0.401758 0.640625 0.017578 0.045139
1 0.508984 0.618056 0.020313 0.034722
1 0.784375 0.640278 0.022656 0.043056
1 0.619727 0.631250 0.016797 0.030556
1 0.386719 0.611111 0.010937 0.026389
0 0.721094 0.585417 0.010937 0.026389
1 0.844336 0.600694 0.013672 0.030556
1 0.880273 0.606944 0.012891 0.031944
1 0.915820 0.586806 0.022266 0.029167
1 0.790234 0.587500 0.013281 0.033333
0 0.543359 0.579861 0.013281 0.029167
1 0.474609 0.582292 0.010937 0.025694
1 0.428320 0.572222 0.011328 0.031944
0 0.517578 0.571528 0.017969 0.029167
1 0.502930 0.570139 0.012109 0.022222
1 0.482031 0.567708 0.011719 0.017361
0 0.441406 0.586111 0.010937 0.027778
0 0.462305 0.585069 0.008984 0.025694
0 0.465430 0.612500 0.018359 0.029167
0 0.690625 0.581944 0.008594 0.033333
0 0.680273 0.612847 0.009766 0.034028
0 0.577930 0.614931 0.016797 0.028472
0 0.567383 0.597222 0.012891 0.034722
0 0.591016 0.594097 0.014844 0.034028
0 0.611328 0.593056 0.017188 0.026389
0 0.606055 0.620833 0.012891 0.030556
1 0.643164 0.614931 0.014453 0.029861
0 0.659961 0.592014 0.012891 0.022917
1 0.819922 0.587153 0.016406 0.031250
1 0.876172 0.578472 0.011719 0.030556
0 0.864062 0.580556 0.010937 0.027778
1 0.852148 0.582639 0.012891 0.029167
0 0.837305 0.581250 0.009766 0.031944
1 0.806836 0.628819 0.016797 0.038194
0 0.885938 0.639236 0.014844 0.027083
0 0.914062 0.620833 0.020313 0.034722
0 0.883789 0.682639 0.014453 0.043056
0 0.992188 0.697222 0.015625 0.068056
0 0.356445 0.600694 0.015234 0.030556
