0 0.536133 0.715278 0.055078 0.125000
0 0.608789 0.723264 0.041016 0.095139
0 0.673438 0.695833 0.032031 0.073611
0 0.733789 0.680556 0.035547 0.095833
0 0.794922 0.726389 0.037500 0.105556
0 0.909570 0.750694 0.035547 0.081944
0 0.703320 0.665972 0.021484 0.055556
0 0.432422 0.707292 0.029687 0.070139
0 0.302148 0.683681 0.048047 0.086806
0 0.187891 0.664236 0.040625 0.075694
0 0.155078 0.640625 0.028125 0.064583
0 0.370703 0.672569 0.029687 0.059028
0 0.487695 0.695139 0.030078 0.075000
0 0.587891 0.671181 0.017969 0.043750
0 0.621094 0.650694 0.019531 0.040278
0 0.789648 0.593403 0.014453 0.038194
0 0.816602 0.590278 0.016016 0.033333
0 0.951758 0.672917 0.016797 0.058333
0 0.830273 0.701736 0.027734 0.074306
0 0.024219 0.629514 0.016406 0.046528
0 0.085547 0.627083 0.015625 0.045833
1 0.049805 0.624653 0.019922 0.052083
1 0.116602 0.635417 0.030078 0.062500
1 0.251563 0.655556 0.039062 0.076389
1 0.224023 0.653472 0.023828 0.061111
1 0.331641 0.626389 0.023438 0.038889
0 0.411719 0.670139 0.021094 0.056944
1 0.497266 0.630208 0.016406 0.031250
1 0.654102 0.626389 0.014453 0.030556
0 0.546875 0.568403 0.014844 0.028472
0 0.383203 0.592361 0.019531 0.034722
0 0.723828 0.581597 0.020313 0.036806
0 0.808398 0.634028 0.016016 0.037500
0 0.761914 0.637500 0.020703 0.040278
1 0.891797 0.677778 0.025000 0.072222
1 0.977148 0.664236 0.023047 0.085417
0 0.520117 0.574653 0.012891 0.022917
0 0.480273 0.569792 0.012109 0.031250
1 0.469141 0.606250 0.014063 0.025000
0 0.402930 0.587500 0.015234 0.030556
0 0.442773 0.588542 0.010547 0.024306
0 0.377734 0.628472 0.021094 0.026389
0 0.356445 0.603472 0.020703 0.034722
1 0.300586 0.622222 0.019922 0.026389
0 0.283594 0.626389 0.017969 0.033333
1 0.878125 0.616667 0.018750 0.030556
0 0.912305 0.617014 0.016797 0.025694
0 0.920898 0.661111 0.016016 0.045833
0 0.833789 0.583681 0.012891 0.029861
0 0.845898 0.600694 0.012891 0.033333
0 0.695117 0.611458 0.013672 0.038194
0 0.680859 0.597222 0.013281 0.034722
0 0.608984 0.615278 0.014844 0.038889
0 0.576562 0.612153 0.011719 0.034028
0 0.565234 0.604167 0.011719 0.037500
0 0.590234 0.604861 0.019531 0.048611
0 0.500195 0.587847 0.009766 0.025694
0 0.879883 0.587153 0.016797 0.031250
