1 0.530664 0.705208 0.059766 0.110417
0 0.601172 0.723264 0.034375 0.085417
0 0.675781 0.684028 0.027344 0.075000
0 0.826367 0.751736 0.035547 0.100694
0 0.908789 0.763194 0.030859 0.086111
0 0.748437 0.692361 0.029687 0.077778
0 0.703320 0.671875 0.016797 0.061806
0 0.722070 0.665278 0.016016 0.048611
0 0.757617 0.628125 0.022266 0.043750
0 0.803906 0.630208 0.019531 0.034028
0 0.815820 0.679861 0.024609 0.068056
0 0.895508 0.696528 0.034766 0.080556
0 0.913281 0.655903 0.014844 0.045139
0 0.911523 0.619444 0.012109 0.030556
0 0.911133 0.583333 0.016797 0.041667
0 0.821094 0.586458 0.022656 0.034028
0 0.879492 0.580556 0.023047 0.022222
0 0.847461 0.589931 0.019141 0.038194
1 0.881836 0.610069 0.016797 0.046528
1 0.838477 0.652778 0.021484 0.047222
0 0.945508 0.684028 0.014453 0.058333
1 0.964648 0.673958 0.026172 0.072917
1 0.791406 0.589931 0.017188 0.036806
0 0.722461 0.579514 0.018359 0.032639
1 0.696680 0.606944 0.014453 0.034722
0 0.678906 0.595486 0.014844 0.034028
0 0.665820 0.606250 0.016797 0.038889
0 0.653516 0.626736 0.018750 0.029861
1 0.624023 0.626389 0.014453 0.030556
0 0.580664 0.666667 0.019922 0.047222
0 0.575391 0.614931 0.010156 0.034028
0 0.597656 0.611458 0.017969 0.035417
0 0.583984 0.593750 0.013281 0.031944
0 0.568359 0.598611 0.014063 0.034722
0 0.507812 0.619444 0.018750 0.033333
0 0.428906 0.708333 0.039062 0.075000
0 0.378516 0.688194 0.032813 0.066667
0 0.287500 0.700694 0.036719 0.105556
1 0.257812 0.672917 0.037500 0.084722
1 0.193555 0.664236 0.032422 0.081250
1 0.154102 0.650347 0.028516 0.064583
0 0.116406 0.680903 0.023438 0.068750
1 0.055859 0.617361 0.014844 0.045833
0 0.028516 0.626389 0.019531 0.065278
0 0.080859 0.620486 0.015625 0.045139
0 0.194531 0.602083 0.017188 0.033333
0 0.228125 0.648958 0.025000 0.072917
0 0.308398 0.626736 0.026172 0.042361
0 0.257031 0.620139 0.027344 0.029167
1 0.401758 0.647222 0.019922 0.051389
0 0.441016 0.660764 0.025000 0.063194
0 0.482812 0.702778 0.035156 0.077778
1 0.488086 0.639931 0.024609 0.047917
0 0.375000 0.616319 0.013281 0.027083
1 0.345703 0.622222 0.022656 0.041667
0 0.403711 0.609722 0.011328 0.023611
0 0.467578 0.612153 0.016406 0.032639
0 0.517383 0.574653 0.014453 0.034028
0 0.547852 0.581250 0.020703 0.034722
0 0.481836 0.575347 0.015234 0.025694
0 0.452344 0.567361 0.011719 0.027778
0 0.425195 0.593056 0.015234 0.030556
0 0.444531 0.595486 0.018750 0.034028
0 0.400781 0.588194 0.017969 0.020833
0 0.549219 0.620833 0.016406 0.027778
0 0.613086 0.613194 0.012109 0.050000
