0 0.543945 0.701736 0.066016 0.104861
1 0.638281 0.712153 0.030469 0.079861
0 0.680469 0.684028 0.032031 0.062500
1 0.709570 0.672917 0.024609 0.059722
1 0.754492 0.703819 0.030078 0.084028
1 0.727539 0.666319 0.012109 0.049306
1 0.785156 0.669792 0.022656 0.057639
1 0.890625 0.686806 0.027344 0.080556
1 0.788477 0.590972 0.012891 0.044444
1 0.765234 0.632639 0.020313 0.047222
1 0.918359 0.647569 0.021875 0.043750
1 0.914648 0.615625 0.015234 0.029861
1 0.887109 0.630556 0.017969 0.034722
1 0.823047 0.593056 0.012500 0.033333
1 0.804297 0.634375 0.021094 0.032639
1 0.884180 0.582639 0.011328 0.026389
1 0.435352 0.700347 0.030078 0.064583
1 0.486719 0.696181 0.037500 0.074306
1 0.398047 0.655208 0.015625 0.052083
1 0.622266 0.659722 0.019531 0.030556
1 0.724023 0.585069 0.016016 0.031250
1 0.679883 0.610764 0.013672 0.043750
1 0.694141 0.603125 0.015625 0.029861
1 0.577539 0.611806 0.014453 0.033333
1 0.593164 0.664236 0.027734 0.053472
1 0.589453 0.586806 0.014844 0.026389
1 0.620117 0.588194 0.021484 0.019444
1 0.385937 0.618056 0.011719 0.025000
1 0.357617 0.609722 0.016016 0.034722
1 0.408203 0.619097 0.013281 0.027083
1 0.137695 0.684028 0.034766 0.072222
1 0.193750 0.674653 0.041406 0.072917
1 0.242578 0.675347 0.030469 0.063194
1 0.324609 0.682639 0.021094 0.065278
1 0.391211 0.588194 0.016016 0.029167
1 0.450391 0.574306 0.010156 0.029167
1 0.441211 0.593403 0.011328 0.032639
1 0.417773 0.586458 0.012109 0.024306
1 0.470117 0.583333 0.011328 0.025000
1 0.518945 0.574306 0.014453 0.029167
1 0.482617 0.592014 0.009766 0.034028
1 0.501563 0.600347 0.018750 0.034028
1 0.516602 0.638889 0.024609 0.040278
1 0.555469 0.623264 0.014844 0.039583
0 0.663281 0.624653 0.016406 0.038194
0 0.646094 0.606250 0.014063 0.038889
0 0.603320 0.613542 0.019922 0.032639
0 0.443164 0.641319 0.023828 0.040972
0 0.354687 0.690278 0.031250 0.080556
1 0.383594 0.685764 0.020313 0.059028
0 0.542383 0.573611 0.014453 0.026389
0 0.852930 0.629514 0.014453 0.036806
0 0.851562 0.576736 0.011719 0.025694
1 0.852539 0.602431 0.011328 0.025694
0 0.813672 0.691667 0.035937 0.079167
0 0.972656 0.659028 0.029687 0.080556
0 0.951758 0.672222 0.019922 0.066667
0 0.919922 0.703125 0.027344 0.078472
0 0.175000 0.627778 0.016406 0.043056
0 0.252734 0.619097 0.016406 0.031250
1 0.271484 0.623958 0.014844 0.039583
0 0.042969 0.641319 0.024219 0.056250
1 0.024414 0.628472 0.014453 0.055556
1 0.079687 0.627083 0.017188 0.052778
1 0.061133 0.626042 0.016797 0.040972
1 0.137305 0.618403 0.012891 0.039583
1 0.114648 0.670486 0.016016 0.054861
0 0.226758 0.640625 0.014453 0.040972
1 0.462695 0.613542 0.018359 0.031250
