1 0.691406 0.668056 0.029687 0.063889
1 0.375781 0.690972 0.039062 0.069444
1 0.547070 0.712500 0.054297 0.084722
1 0.474414 0.656944 0.032422 0.050000
1 0.519336 0.656250 0.031641 0.055556
1 0.286133 0.619792 0.022266 0.047917
1 0.118750 0.644097 0.027344 0.052083
1 0.813867 0.625347 0.012109 0.025694
1 0.479492 0.598264 0.013672 0.029861
1 0.966211 0.672917 0.026953 0.073611
0 0.298242 0.686111 0.034766 0.061111
0 0.385547 0.611111 0.014844 0.034722
0 0.205078 0.699653 0.038281 0.078472
0 0.142187 0.671875 0.029687 0.054861
0 0.611328 0.726389 0.033594 0.079167
0 0.797461 0.713542 0.040234 0.086806
0 0.752930 0.691667 0.030078 0.077778
0 0.528320 0.580556 0.012109 0.029167
0 0.545312 0.578472 0.014844 0.031944
0 0.786328 0.593056 0.012500 0.026389
0 0.693750 0.597917 0.011719 0.027778
0 0.681836 0.627431 0.015234 0.028472
0 0.571094 0.644792 0.019531 0.031250
0 0.602344 0.621181 0.017969 0.039583
0 0.433008 0.612153 0.012109 0.029861
0 0.370508 0.596181 0.015234 0.031250
1 0.037500 0.621875 0.020313 0.049306
0 0.172461 0.611111 0.021484 0.038889
0 0.319922 0.640278 0.017188 0.037500
0 0.564453 0.605903 0.017969 0.035417
0 0.650000 0.600694 0.010156 0.023611
0 0.850391 0.609722 0.015625 0.041667
1 0.677344 0.596528 0.014063 0.030556
1 0.404102 0.586111 0.015234 0.033333
0 0.498828 0.572222 0.013281 0.026389
0 0.720508 0.588542 0.016797 0.034028
0 0.820703 0.592361 0.014844 0.029167
0 0.909570 0.603472 0.012891 0.033333
0 0.456250 0.575000 0.011719 0.029167
