1 0.307227 0.679514 0.042578 0.086806
1 0.183789 0.626389 0.014453 0.038889
1 0.765234 0.674306 0.023438 0.065278
1 0.048242 0.621528 0.019141 0.043056
1 0.198047 0.654514 0.026562 0.065972
1 0.677148 0.678819 0.034766 0.063194
1 0.347656 0.634028 0.016406 0.033333
1 0.460547 0.594792 0.011719 0.024306
0 0.141016 0.656250 0.042188 0.077778
0 0.234570 0.672222 0.040234 0.093056
0 0.404492 0.691667 0.031641 0.061111
0 0.381250 0.684722 0.025000 0.073611
0 0.543359 0.712153 0.055469 0.113194
0 0.614844 0.700694 0.037500 0.084722
0 0.812109 0.725347 0.036719 0.085417
0 0.896680 0.701389 0.037891 0.086111
0 0.714063 0.665625 0.026562 0.060417
0 0.494336 0.673264 0.030078 0.068750
0 0.317578 0.626042 0.014063 0.029861
0 0.284766 0.629167 0.019531 0.033333
0 0.031250 0.625694 0.018750 0.054167
0 0.667773 0.627083 0.012891 0.034722
0 0.629687 0.642708 0.013281 0.025694
0 0.434766 0.610069 0.017188 0.028472
0 0.849805 0.637153 0.016797 0.031250
0 0.722070 0.584028 0.012109 0.023611
0 0.547070 0.577431 0.013672 0.029861
0 0.488672 0.603472 0.014063 0.029167
0 0.854492 0.603125 0.010547 0.024306
0 0.821289 0.590972 0.015234 0.029167
0 0.883398 0.586458 0.012891 0.034028
0 0.910156 0.622222 0.014063 0.027778
0 0.790039 0.592361 0.014453 0.034722
0 0.519336 0.573611 0.012109 0.029167
0 0.571289 0.593750 0.014453 0.031944
0 0.599219 0.617361 0.017969 0.034722
1 0.412695 0.613542 0.012891 0.029861
0 0.591406 0.587153 0.013281 0.032639
0 0.684375 0.620833 0.016406 0.038889
0 0.806250 0.642361 0.019531 0.041667
0 0.867383 0.580556 0.014453 0.029167
