1 0.050195 0.625000 0.019141 0.048611
1 0.151367 0.638542 0.031641 0.068750
1 0.903906 0.707292 0.035937 0.081250
1 0.659961 0.675694 0.033203 0.065278
1 0.309570 0.624306 0.017578 0.037500
1 0.805078 0.626042 0.014063 0.034028
1 0.914062 0.637153 0.014063 0.031250
1 0.655469 0.618750 0.019531 0.040278
0 0.031250 0.623611 0.021094 0.056944
0 0.115039 0.661111 0.026172 0.052778
0 0.186914 0.655903 0.035547 0.074306
0 0.228320 0.677431 0.040234 0.082639
0 0.315234 0.690625 0.041406 0.085417
0 0.416797 0.713542 0.033594 0.063194
0 0.376563 0.668750 0.032813 0.062500
0 0.346875 0.628125 0.018750 0.039583
0 0.379883 0.625000 0.012891 0.027778
0 0.530664 0.730556 0.048047 0.091667
0 0.613672 0.697917 0.037500 0.079167
0 0.801172 0.700694 0.039062 0.090278
0 0.707031 0.667361 0.024219 0.062500
0 0.788281 0.594792 0.010937 0.029861
0 0.519336 0.577431 0.012109 0.024306
0 0.547070 0.579167 0.011328 0.026389
0 0.577344 0.628125 0.015625 0.032639
0 0.397266 0.589931 0.011719 0.022917
0 0.469531 0.615278 0.013281 0.027778
0 0.681250 0.620139 0.016406 0.029167
0 0.592578 0.663889 0.021094 0.051389
0 0.761719 0.669097 0.021875 0.054861
0 0.721289 0.582292 0.012109 0.027083
0 0.455664 0.578125 0.011328 0.028472
0 0.850781 0.607292 0.019531 0.036806
0 0.820117 0.584722 0.014453 0.031944
0 0.694922 0.597222 0.017969 0.031944
0 0.594141 0.605903 0.014844 0.029861
