1 0.039258 0.612500 0.021484 0.052778
1 0.107031 0.630556 0.015625 0.043056
1 0.257422 0.626389 0.014844 0.038889
1 0.482617 0.641667 0.019141 0.045833
1 0.443945 0.645486 0.022266 0.043750
1 0.473633 0.569444 0.012109 0.026389
1 0.542773 0.573611 0.013672 0.029167
1 0.506055 0.615972 0.015234 0.037500
1 0.949023 0.672222 0.020703 0.052778
1 0.977734 0.666319 0.025781 0.072917
1 0.673828 0.676736 0.034375 0.072917
1 0.347656 0.628819 0.015625 0.034028
1 0.654102 0.621875 0.012891 0.032639
0 0.915234 0.716319 0.034375 0.079861
0 0.132812 0.668056 0.035937 0.063889
0 0.192578 0.668403 0.030469 0.077083
0 0.229297 0.661458 0.042188 0.090972
0 0.312109 0.679167 0.042969 0.098611
0 0.392188 0.714583 0.034375 0.073611
0 0.535547 0.724306 0.056250 0.106944
0 0.636133 0.703472 0.032422 0.076389
0 0.588672 0.677083 0.016406 0.038889
0 0.380469 0.628472 0.013281 0.030556
0 0.740625 0.665278 0.030469 0.083333
0 0.696289 0.597917 0.014453 0.023611
0 0.520508 0.574306 0.012891 0.034722
0 0.788086 0.593403 0.015234 0.036806
0 0.720313 0.585069 0.012500 0.032639
0 0.826367 0.687500 0.039453 0.088889
0 0.616602 0.642361 0.012891 0.026389
0 0.852148 0.610417 0.013672 0.031944
0 0.617969 0.595139 0.013281 0.033333
0 0.822461 0.587153 0.014453 0.032639
0 0.390625 0.587153 0.014844 0.031250
0 0.455273 0.578472 0.013672 0.030556
1 0.671484 0.599306 0.012500 0.033333
0 0.592773 0.586458 0.014453 0.035417
