1 0.237695 0.647569 0.037891 0.078472
1 0.144922 0.616667 0.014063 0.033333
1 0.182617 0.629167 0.018359 0.033333
1 0.046484 0.623264 0.020313 0.054861
1 0.355859 0.688542 0.042188 0.084028
1 0.669141 0.675694 0.031250 0.068056
1 0.395508 0.636111 0.024609 0.045833
1 0.480273 0.570139 0.011328 0.026389
1 0.493555 0.571875 0.011328 0.028472
1 0.516016 0.572222 0.014844 0.034722
1 0.282813 0.633333 0.012500 0.031944
0 0.032227 0.618750 0.016016 0.043056
0 0.176172 0.678819 0.036719 0.070139
0 0.407813 0.712500 0.032813 0.072222
0 0.540820 0.712500 0.057422 0.112500
0 0.638672 0.698611 0.034375 0.075000
0 0.705469 0.668750 0.023438 0.061111
0 0.797461 0.706944 0.037109 0.087500
0 0.773047 0.669792 0.019531 0.056250
0 0.924609 0.734375 0.033594 0.068750
0 0.425000 0.654167 0.034375 0.062500
0 0.510352 0.632639 0.016016 0.029167
0 0.613086 0.644792 0.016016 0.022917
0 0.550391 0.582292 0.014063 0.027083
0 0.721680 0.584028 0.014453 0.037500
0 0.685352 0.591667 0.014453 0.034722
0 0.757031 0.634375 0.012500 0.032639
0 0.809961 0.629167 0.015234 0.034722
1 0.841016 0.675000 0.023438 0.066667
1 0.343945 0.629514 0.014453 0.034028
0 0.587695 0.589236 0.015234 0.040972
0 0.787109 0.591667 0.015625 0.030556
0 0.850195 0.586458 0.012891 0.034028
0 0.616992 0.595486 0.015234 0.028472
0 0.648047 0.596875 0.014063 0.028472
0 0.464453 0.584028 0.010156 0.031944
0 0.819922 0.588542 0.015625 0.034028
