1 0.065039 0.605903 0.023828 0.049306
1 0.157227 0.655556 0.022266 0.052778
1 0.299609 0.668403 0.037500 0.072917
1 0.355469 0.683681 0.046094 0.078472
1 0.964453 0.671875 0.026562 0.071528
1 0.555078 0.659028 0.024219 0.047222
1 0.242578 0.632639 0.027344 0.056944
1 0.348828 0.618056 0.019531 0.041667
0 0.187305 0.679167 0.043359 0.075000
0 0.545117 0.734028 0.057422 0.111111
0 0.618750 0.730903 0.042969 0.086806
0 0.408008 0.708681 0.036328 0.078472
0 0.259570 0.662153 0.033203 0.060417
0 0.030078 0.618750 0.026562 0.058333
0 0.085156 0.630903 0.017969 0.049306
0 0.676953 0.684722 0.030469 0.073611
0 0.702930 0.672569 0.023047 0.064583
0 0.724414 0.667014 0.021484 0.061806
0 0.492383 0.675000 0.035547 0.069444
0 0.525000 0.573958 0.015625 0.029861
0 0.551562 0.581250 0.013281 0.029167
0 0.719727 0.585069 0.017578 0.032639
0 0.788672 0.595486 0.014063 0.028472
0 0.624023 0.590278 0.016797 0.030556
0 0.650586 0.597569 0.016797 0.029861
0 0.593750 0.580903 0.014844 0.034028
0 0.452148 0.575000 0.012891 0.029167
0 0.845313 0.590625 0.014844 0.031250
0 0.798242 0.703819 0.039453 0.095139
0 0.395703 0.592014 0.014844 0.028472
0 0.508008 0.595833 0.013672 0.034722
0 0.668164 0.618403 0.016797 0.040972
0 0.754687 0.628472 0.019531 0.050000
1 0.851367 0.629861 0.014453 0.034722
0 0.876563 0.622222 0.017188 0.038889
1 0.912500 0.633333 0.018750 0.044444
0 0.909375 0.749653 0.042188 0.088194
1 0.556250 0.615625 0.017969 0.034028
1 0.478516 0.598264 0.014063 0.029861
0 0.426563 0.617708 0.018750 0.035417
0 0.603320 0.615278 0.019141 0.034722
