0 0.033789 0.619097 0.022266 0.053472
0 0.151562 0.659375 0.026562 0.067361
0 0.188086 0.676042 0.042578 0.074306
0 0.412305 0.686111 0.037109 0.076389
0 0.618359 0.735069 0.043750 0.084028
0 0.804102 0.700694 0.037891 0.084722
0 0.913477 0.760417 0.041016 0.090278
1 0.054492 0.608681 0.023047 0.052083
1 0.247070 0.634722 0.027734 0.052778
1 0.303125 0.669792 0.039062 0.075694
1 0.357031 0.680208 0.046875 0.082639
1 0.523633 0.699306 0.061328 0.111111
1 0.500781 0.654861 0.032813 0.058333
0 0.084570 0.630208 0.020703 0.043750
1 0.675586 0.686111 0.033984 0.070833
0 0.729883 0.668403 0.025391 0.056250
0 0.703516 0.671528 0.025000 0.062500
0 0.967773 0.675694 0.025391 0.073611
1 0.889648 0.681944 0.029297 0.069444
1 0.384375 0.609028 0.017188 0.034722
1 0.413477 0.608681 0.013672 0.029861
1 0.557617 0.615972 0.016797 0.034722
0 0.620703 0.647222 0.017969 0.036111
0 0.662500 0.622917 0.021875 0.045833
0 0.722656 0.584375 0.014063 0.032639
0 0.523047 0.567708 0.014844 0.031250
0 0.553125 0.581944 0.014844 0.030556
0 0.618164 0.595833 0.012891 0.031944
0 0.448828 0.576042 0.012500 0.025694
0 0.480469 0.573611 0.010937 0.029167
0 0.465039 0.606944 0.016016 0.031944
0 0.427344 0.620833 0.015625 0.027778
0 0.504102 0.595833 0.016016 0.031944
0 0.482617 0.597917 0.013672 0.023611
0 0.850000 0.581250 0.014063 0.031944
0 0.912109 0.609722 0.016406 0.031944
0 0.790234 0.593403 0.015625 0.032639
0 0.819727 0.591319 0.013672 0.029861
0 0.677734 0.610069 0.012500 0.036806
1 0.687500 0.586111 0.014844 0.030556
0 0.347266 0.612153 0.016406 0.027083
0 0.225000 0.632292 0.019531 0.039583
0 0.590234 0.667014 0.023438 0.045139
1 0.852539 0.632292 0.016797 0.039583
0 0.605273 0.617014 0.018359 0.032639
