0 0.033008 0.622222 0.023828 0.059722
0 0.186133 0.680903 0.039453 0.078472
0 0.292969 0.678472 0.040625 0.081944
0 0.521680 0.702431 0.058984 0.113194
0 0.402148 0.697917 0.036328 0.077778
0 0.613281 0.710764 0.040625 0.092361
0 0.814453 0.728472 0.040625 0.098611
0 0.919141 0.747222 0.042188 0.077778
0 0.549414 0.582292 0.012891 0.027083
0 0.168164 0.620833 0.024609 0.040278
0 0.087109 0.630903 0.021875 0.043750
0 0.347070 0.610069 0.015234 0.028472
0 0.383984 0.589583 0.014063 0.029167
0 0.450781 0.580208 0.011719 0.027083
0 0.721094 0.584722 0.014844 0.033333
0 0.788281 0.581944 0.014844 0.031944
0 0.820508 0.594792 0.013672 0.028472
0 0.647461 0.598264 0.016797 0.029861
0 0.566211 0.603472 0.017578 0.036111
0 0.660937 0.624306 0.017969 0.040278
0 0.680469 0.612500 0.017188 0.036111
0 0.568164 0.638194 0.018359 0.036111
0 0.790625 0.670139 0.022656 0.052778
1 0.691797 0.671875 0.031250 0.067361
1 0.239648 0.634028 0.023828 0.054167
1 0.352539 0.681597 0.048047 0.079861
1 0.527344 0.570833 0.014063 0.031944
1 0.480469 0.571528 0.010937 0.025000
1 0.974609 0.674306 0.026562 0.072222
1 0.850977 0.638194 0.019922 0.047222
1 0.911914 0.617014 0.014453 0.036806
1 0.604492 0.616667 0.016016 0.033333
1 0.589453 0.669097 0.021875 0.046528
1 0.467969 0.614931 0.017188 0.035417
1 0.375195 0.623264 0.016797 0.034028
1 0.408594 0.617014 0.017969 0.036806
1 0.330469 0.626389 0.021094 0.040278
1 0.131055 0.640972 0.029297 0.070833
0 0.219922 0.630903 0.018750 0.045139
0 0.808789 0.640625 0.018359 0.046528
0 0.439844 0.590278 0.014063 0.030556
