0 0.034375 0.619444 0.023438 0.059722
0 0.105078 0.675347 0.032813 0.064583
0 0.052930 0.615972 0.022266 0.063889
0 0.185547 0.682986 0.044531 0.079861
0 0.229297 0.685417 0.047656 0.084722
0 0.321484 0.696528 0.032031 0.056944
0 0.415430 0.681597 0.037891 0.077083
0 0.535156 0.699653 0.051562 0.124306
0 0.596484 0.718750 0.042188 0.087500
0 0.688672 0.671528 0.032031 0.072222
0 0.088672 0.620486 0.022656 0.046528
0 0.914453 0.744097 0.034375 0.089583
1 0.825391 0.671181 0.032031 0.071528
1 0.351953 0.680208 0.046875 0.078472
1 0.265430 0.626389 0.022266 0.045833
1 0.239648 0.632639 0.027734 0.051389
1 0.505078 0.660417 0.030469 0.059722
1 0.896875 0.697569 0.030469 0.060417
1 0.480664 0.571875 0.011328 0.024306
1 0.441406 0.586806 0.014844 0.026389
1 0.411523 0.613194 0.017578 0.034722
1 0.550391 0.615278 0.017188 0.033333
0 0.295117 0.636111 0.020703 0.040278
0 0.523438 0.574653 0.014063 0.029861
0 0.553125 0.580903 0.016406 0.034028
0 0.720703 0.584722 0.016406 0.033333
0 0.822656 0.576042 0.016406 0.029861
0 0.914062 0.583333 0.016406 0.034722
0 0.784766 0.598611 0.014844 0.031944
0 0.573047 0.632986 0.018750 0.029861
0 0.623047 0.638889 0.016406 0.037500
0 0.681836 0.613542 0.018359 0.036806
0 0.665430 0.623611 0.021484 0.045833
0 0.647070 0.597569 0.015234 0.029861
1 0.790039 0.665625 0.024609 0.050694
0 0.378516 0.611458 0.015625 0.034028
0 0.487305 0.601042 0.016016 0.035417
0 0.592187 0.587847 0.014844 0.036806
0 0.852344 0.634375 0.018750 0.046528
0 0.911719 0.636458 0.017969 0.047917
0 0.347461 0.610069 0.019141 0.032639
0 0.969531 0.688542 0.026562 0.077083
