1 0.049414 0.613889 0.021484 0.054167
1 0.133984 0.623264 0.022656 0.046528
1 0.158008 0.660417 0.022266 0.055556
1 0.239258 0.631944 0.026953 0.047222
1 0.344922 0.631597 0.019531 0.038194
1 0.582227 0.688889 0.051953 0.097222
1 0.691602 0.668750 0.030859 0.062500
1 0.522266 0.572917 0.013281 0.027778
1 0.692969 0.578125 0.013281 0.025694
1 0.667773 0.617014 0.017578 0.031250
1 0.790625 0.588889 0.015625 0.029167
0 0.089258 0.621875 0.023047 0.049306
0 0.223047 0.689236 0.041406 0.082639
0 0.179883 0.684722 0.039453 0.076389
0 0.342187 0.707639 0.043750 0.094444
0 0.404687 0.693056 0.036719 0.073611
0 0.499414 0.675347 0.038672 0.075694
0 0.806641 0.710764 0.038281 0.097917
0 0.273828 0.622569 0.019531 0.032639
0 0.294922 0.638542 0.018750 0.040972
0 0.379297 0.620833 0.017188 0.036111
0 0.401367 0.620833 0.015234 0.036111
0 0.422070 0.615972 0.017578 0.034722
0 0.462500 0.609722 0.017188 0.034722
0 0.484766 0.602778 0.016406 0.031944
0 0.450195 0.576042 0.012109 0.021528
0 0.440430 0.593056 0.016016 0.030556
0 0.550195 0.581944 0.012109 0.031944
0 0.569922 0.602083 0.015625 0.031944
0 0.723047 0.582986 0.014063 0.035417
0 0.648047 0.595833 0.015625 0.030556
0 0.809375 0.633333 0.014844 0.037500
0 0.723437 0.669097 0.019531 0.054861
0 0.916406 0.753819 0.038281 0.085417
0 0.967773 0.682639 0.026953 0.072222
0 0.851367 0.606944 0.015234 0.031944
0 0.820703 0.595139 0.017188 0.033333
0 0.850000 0.641667 0.021094 0.043056
0 0.518750 0.618750 0.019531 0.037500
1 0.578516 0.626042 0.016406 0.034028
0 0.643164 0.621181 0.015234 0.034028
0 0.623437 0.640625 0.018750 0.040972
