0 0.028906 0.620833 0.022656 0.054167
1 0.049219 0.625000 0.021094 0.054167
1 0.094531 0.609375 0.021094 0.050694
1 0.357422 0.683681 0.051562 0.081250
1 0.303906 0.628819 0.019531 0.035417
1 0.405078 0.603125 0.016406 0.035417
1 0.789258 0.588889 0.014453 0.030556
0 0.140234 0.664583 0.035156 0.075000
0 0.403711 0.694444 0.041016 0.077778
0 0.540430 0.707986 0.059766 0.121528
0 0.614062 0.693750 0.042188 0.093056
0 0.693164 0.678125 0.027734 0.071528
0 0.810156 0.703819 0.039844 0.107639
0 0.214453 0.691667 0.040625 0.083333
0 0.184570 0.683681 0.042578 0.079861
0 0.377930 0.616667 0.016797 0.036111
0 0.548242 0.572569 0.014453 0.028472
0 0.517578 0.577431 0.014844 0.028472
0 0.500195 0.572569 0.013672 0.024306
0 0.720898 0.583333 0.014453 0.033333
0 0.683594 0.610764 0.016406 0.038194
0 0.657617 0.621875 0.020703 0.046528
0 0.498437 0.646181 0.022656 0.054861
0 0.450586 0.651736 0.024609 0.054861
0 0.745898 0.660417 0.034766 0.081944
0 0.821875 0.588194 0.014063 0.036111
0 0.882617 0.584375 0.016016 0.035417
0 0.911328 0.613889 0.014844 0.031944
0 0.641211 0.601042 0.014453 0.040972
0 0.484961 0.602778 0.015234 0.030556
0 0.461328 0.598611 0.016406 0.037500
0 0.423828 0.618056 0.020313 0.034722
1 0.337695 0.630556 0.019141 0.034722
0 0.116211 0.637153 0.026172 0.056250
0 0.967578 0.694097 0.026562 0.070139
1 0.912109 0.722222 0.039844 0.086111
0 0.894922 0.675694 0.030469 0.072222
1 0.852539 0.627778 0.018359 0.040278
