0 0.050391 0.614931 0.025000 0.060417
0 0.117383 0.635764 0.027734 0.070139
0 0.143164 0.659028 0.033984 0.070833
0 0.189062 0.683333 0.046094 0.084722
0 0.300195 0.693750 0.048828 0.100000
0 0.410938 0.686458 0.035156 0.072917
0 0.456836 0.642708 0.023828 0.050694
0 0.523633 0.705903 0.049609 0.121528
0 0.605273 0.728819 0.040234 0.086806
0 0.667773 0.690972 0.031641 0.081944
0 0.713281 0.670486 0.022656 0.061806
0 0.805469 0.729861 0.043750 0.100000
0 0.238477 0.645486 0.038672 0.090972
0 0.079687 0.627431 0.024219 0.053472
0 0.278516 0.624653 0.022656 0.045139
0 0.451367 0.576736 0.015234 0.027083
0 0.495312 0.576736 0.012500 0.027083
0 0.515625 0.578125 0.014063 0.029861
0 0.551172 0.583681 0.014063 0.032639
0 0.721484 0.584375 0.016406 0.031250
0 0.739062 0.696528 0.031250 0.079167
0 0.354687 0.692014 0.034375 0.067361
0 0.376367 0.616667 0.016797 0.031944
0 0.350977 0.603125 0.015234 0.032639
0 0.407813 0.605903 0.017969 0.038194
0 0.428516 0.613889 0.016406 0.033333
0 0.438672 0.586806 0.014844 0.033333
0 0.507031 0.621181 0.016406 0.040972
0 0.488672 0.606250 0.018750 0.040278
0 0.465234 0.598958 0.015625 0.032639
0 0.579297 0.633333 0.018750 0.034722
0 0.790625 0.594097 0.014844 0.032639
0 0.759570 0.627431 0.017578 0.046528
1 0.625781 0.634375 0.016406 0.036806
1 0.663672 0.621875 0.018750 0.039583
1 0.692383 0.602778 0.016797 0.038889
1 0.027344 0.633333 0.021875 0.051389
1 0.788281 0.648958 0.025000 0.054861
1 0.964844 0.670139 0.026562 0.069444
1 0.852930 0.625694 0.016016 0.038889
1 0.909961 0.599306 0.014453 0.036111
0 0.600586 0.618750 0.017578 0.033333
0 0.884570 0.589931 0.016016 0.035417
