0 0.038281 0.637500 0.026562 0.059722
0 0.147656 0.656944 0.037500 0.072222
0 0.285742 0.718056 0.044141 0.101389
0 0.411328 0.694097 0.033594 0.070139
0 0.352148 0.697222 0.035547 0.066667
0 0.421484 0.636111 0.031250 0.068056
0 0.536914 0.745139 0.054297 0.112500
0 0.618945 0.725694 0.036328 0.081944
0 0.801172 0.713889 0.039062 0.091667
0 0.719141 0.668403 0.028125 0.057639
0 0.189258 0.677778 0.036328 0.083333
0 0.220508 0.677431 0.042578 0.089583
0 0.255273 0.655556 0.031641 0.062500
0 0.321484 0.626042 0.022656 0.047917
0 0.298242 0.629514 0.019141 0.045139
0 0.490430 0.670139 0.025391 0.051389
0 0.076758 0.629167 0.022266 0.048611
0 0.668164 0.692014 0.032422 0.072917
0 0.918945 0.712847 0.041016 0.095139
1 0.969531 0.648264 0.030469 0.081250
1 0.333398 0.681597 0.028516 0.052083
1 0.523438 0.657986 0.030469 0.061806
1 0.550000 0.658333 0.025000 0.051389
1 0.651367 0.620139 0.016016 0.037500
1 0.619336 0.632639 0.019141 0.038889
1 0.528125 0.563889 0.012500 0.031944
1 0.546094 0.572917 0.014844 0.031944
1 0.853125 0.600694 0.015625 0.036111
1 0.882422 0.597917 0.016406 0.033333
1 0.585547 0.677778 0.021875 0.043056
1 0.377148 0.616319 0.015234 0.032639
1 0.349023 0.610417 0.016797 0.031944
1 0.486328 0.602778 0.017969 0.036111
1 0.509570 0.608333 0.017578 0.038889
1 0.450586 0.579861 0.014453 0.029167
1 0.723047 0.587500 0.013281 0.034722
1 0.569336 0.604167 0.016797 0.038889
1 0.687695 0.592361 0.016797 0.044444
1 0.401953 0.611458 0.014844 0.032639
1 0.762891 0.624653 0.017969 0.052083
1 0.788281 0.593750 0.015625 0.037500
1 0.819727 0.582986 0.014453 0.038194
1 0.812695 0.632292 0.016016 0.043750
1 0.838672 0.619792 0.019531 0.039583
1 0.882617 0.570139 0.015234 0.029167
