1 0.043750 0.632292 0.024219 0.057639
1 0.850000 0.601736 0.013281 0.028472
1 0.688281 0.603125 0.015625 0.038194
0 0.119336 0.636111 0.023828 0.051389
0 0.076172 0.626736 0.023438 0.046528
0 0.218750 0.688542 0.038281 0.084028
0 0.182617 0.683333 0.039453 0.077778
0 0.288477 0.724653 0.045703 0.092361
0 0.340625 0.681250 0.038281 0.072222
0 0.420312 0.696528 0.032813 0.068056
0 0.535937 0.695139 0.057813 0.119444
0 0.616992 0.694792 0.037109 0.088194
0 0.668945 0.695139 0.032422 0.068056
0 0.753125 0.680903 0.028125 0.065972
0 0.727148 0.673264 0.025391 0.064583
0 0.321875 0.626389 0.023438 0.048611
0 0.265625 0.657639 0.032031 0.059722
0 0.429688 0.642708 0.034375 0.061806
0 0.846680 0.660069 0.022266 0.054861
0 0.879102 0.682639 0.024609 0.052778
0 0.793945 0.713889 0.040234 0.098611
0 0.804297 0.638889 0.019531 0.045833
0 0.380664 0.620486 0.018359 0.038194
0 0.406445 0.589931 0.015234 0.034028
0 0.416797 0.599653 0.014844 0.032639
0 0.522852 0.577083 0.016016 0.031944
0 0.472656 0.600694 0.016406 0.033333
0 0.364258 0.602778 0.017578 0.033333
0 0.554102 0.582292 0.013672 0.031250
0 0.454492 0.580903 0.016016 0.027083
0 0.500000 0.587153 0.013281 0.029861
0 0.649805 0.614931 0.019922 0.039583
0 0.724414 0.586458 0.016016 0.034028
0 0.619141 0.615972 0.019531 0.040278
0 0.586523 0.661458 0.023047 0.050694
0 0.513672 0.606944 0.016406 0.036111
0 0.569141 0.604167 0.017969 0.038889
0 0.760938 0.631597 0.019531 0.050694
0 0.789648 0.595833 0.013672 0.034722
1 0.919922 0.627778 0.018750 0.045833
1 0.880469 0.600347 0.014844 0.031250
0 0.029297 0.629861 0.024219 0.058333
0 0.818945 0.595833 0.016016 0.031944
