0 0.045703 0.644444 0.025781 0.052778
0 0.124414 0.569444 0.035547 0.065278
0 0.083203 0.553819 0.024219 0.049306
0 0.328125 0.573264 0.022656 0.043750
0 0.257031 0.670486 0.040625 0.092361
0 0.290234 0.707639 0.045312 0.091667
0 0.352930 0.695139 0.031641 0.072222
0 0.481055 0.526042 0.055078 0.127083
0 0.659961 0.547917 0.032422 0.079167
0 0.757812 0.658333 0.027344 0.063889
0 0.782617 0.569444 0.028516 0.056944
0 0.919336 0.748611 0.040234 0.081944
0 0.799414 0.705903 0.038672 0.100694
0 0.833789 0.587500 0.035547 0.084722
0 0.867188 0.565972 0.026562 0.068056
0 0.948242 0.664931 0.023047 0.057639
0 0.381055 0.542014 0.032422 0.060417
0 0.160742 0.539931 0.020703 0.040972
0 0.182812 0.552083 0.025781 0.051389
0 0.292187 0.629167 0.025781 0.048611
0 0.568945 0.551736 0.029297 0.059028
0 0.414062 0.543056 0.016406 0.034722
0 0.403320 0.560764 0.018359 0.035417
0 0.625391 0.555556 0.017188 0.037500
1 0.703516 0.552431 0.023438 0.046528
1 0.967773 0.642361 0.027734 0.072222
0 0.750781 0.567014 0.021875 0.043750
0 0.711719 0.656597 0.026562 0.060417
0 0.613477 0.725347 0.041016 0.088194
0 0.010156 0.607292 0.018750 0.054861
0 0.028711 0.625694 0.023828 0.054167
