0 0.029297 0.687847 0.042188 0.093750
0 0.072070 0.697569 0.043359 0.096528
0 0.195898 0.681944 0.028516 0.056944
0 0.268359 0.691319 0.046875 0.097917
0 0.489648 0.659375 0.026953 0.054861
0 0.429297 0.654861 0.027344 0.055556
0 0.382812 0.667708 0.025781 0.056250
0 0.457617 0.620486 0.022266 0.043750
0 0.645312 0.599306 0.019531 0.048611
0 0.573047 0.751736 0.055469 0.122917
0 0.744922 0.668056 0.047656 0.111111
0 0.708594 0.646528 0.038281 0.083333
0 0.848633 0.657639 0.051172 0.112500
0 0.931836 0.638194 0.041797 0.081944
0 0.817969 0.576736 0.019531 0.042361
0 0.610156 0.619792 0.023438 0.054861
0 0.549805 0.660069 0.026953 0.060417
0 0.534766 0.646528 0.029687 0.061111
1 0.524805 0.601736 0.019922 0.046528
1 0.311523 0.644792 0.023047 0.045139
1 0.141992 0.677431 0.023047 0.054861
1 0.236719 0.671181 0.028906 0.060417
1 0.780469 0.646875 0.037500 0.079861
1 0.784180 0.571181 0.017578 0.042361
1 0.561719 0.585417 0.019531 0.037500
0 0.869727 0.586111 0.022266 0.047222
0 0.654297 0.693750 0.046875 0.091667
0 0.947070 0.579514 0.021484 0.053472
