0 0.065039 0.710417 0.048828 0.104167
0 0.158789 0.657639 0.032422 0.061111
0 0.194336 0.670139 0.026172 0.062500
0 0.250781 0.722569 0.049219 0.097917
0 0.284766 0.675000 0.034375 0.076389
0 0.336328 0.656944 0.025000 0.055556
0 0.384766 0.663889 0.026562 0.058333
0 0.429492 0.650000 0.024609 0.051389
0 0.456641 0.671528 0.028906 0.055556
0 0.500586 0.677431 0.026172 0.050694
0 0.534961 0.666319 0.030859 0.060417
0 0.561133 0.635764 0.023828 0.052083
0 0.528516 0.602431 0.021875 0.045139
0 0.644141 0.600000 0.021875 0.050000
0 0.610938 0.626042 0.022656 0.054861
0 0.582031 0.710069 0.058594 0.129861
0 0.648242 0.687500 0.046484 0.102778
0 0.733789 0.680903 0.048047 0.118750
0 0.857227 0.667361 0.051172 0.109722
0 0.937305 0.649306 0.034766 0.088889
0 0.789453 0.558681 0.016406 0.038194
0 0.815039 0.579514 0.017578 0.045139
0 0.858594 0.563542 0.022656 0.047917
0 0.907227 0.585417 0.023047 0.050000
0 0.944336 0.577778 0.019922 0.051389
0 0.930859 0.555556 0.018750 0.040278
0 0.963672 0.597222 0.024219 0.055556
0 0.986523 0.594444 0.023047 0.063889
0 0.556055 0.568056 0.020703 0.037500
0 0.705273 0.669444 0.033203 0.083333
