1 0.104688 0.665972 0.036719 0.066667
1 0.260937 0.665625 0.032031 0.067361
1 0.298047 0.679167 0.043750 0.098611
1 0.495117 0.646875 0.026172 0.057639
1 0.768750 0.593750 0.023438 0.044444
1 0.525586 0.598958 0.020703 0.040972
1 0.071484 0.651736 0.028125 0.060417
0 0.063281 0.715625 0.044531 0.107639
0 0.157812 0.666667 0.031250 0.061111
0 0.203516 0.679514 0.031250 0.057639
0 0.341211 0.684028 0.044141 0.075000
0 0.425977 0.672569 0.026953 0.054861
0 0.391211 0.672569 0.025391 0.054861
0 0.639258 0.598264 0.021484 0.047917
0 0.611719 0.622917 0.025000 0.054167
0 0.810156 0.572222 0.021094 0.047222
0 0.858789 0.563889 0.021484 0.045833
0 0.931836 0.560417 0.019922 0.041667
0 0.748828 0.668056 0.043750 0.120833
0 0.690625 0.662153 0.039062 0.085417
0 0.580664 0.685069 0.053516 0.122917
0 0.860742 0.675000 0.041797 0.119444
1 0.927344 0.643750 0.035156 0.083333
1 0.566406 0.616319 0.024219 0.036806
0 0.791016 0.560764 0.017969 0.039583
0 0.437500 0.644097 0.020313 0.046528
0 0.907227 0.586806 0.023047 0.047222
1 0.990430 0.581597 0.019141 0.043750
