1 0.072656 0.687847 0.044531 0.086806
1 0.290234 0.670833 0.044531 0.087500
1 0.258398 0.666667 0.028516 0.059722
1 0.432812 0.652431 0.028125 0.049306
1 0.412305 0.642361 0.023047 0.050000
1 0.494336 0.655556 0.023828 0.052778
1 0.535937 0.654861 0.032813 0.054167
1 0.480078 0.638542 0.024219 0.052083
1 0.531836 0.596875 0.021484 0.043750
1 0.621289 0.608333 0.024609 0.054167
1 0.650781 0.600347 0.021875 0.052083
1 0.561914 0.581944 0.016016 0.036111
1 0.569336 0.617361 0.021484 0.044444
0 0.159766 0.661111 0.029687 0.058333
0 0.197656 0.677778 0.028906 0.061111
0 0.370703 0.677778 0.036719 0.076389
0 0.337695 0.663194 0.026172 0.062500
0 0.039844 0.693056 0.035937 0.101389
0 0.590430 0.678472 0.052734 0.122222
0 0.644922 0.686458 0.041406 0.106250
0 0.695898 0.654861 0.037109 0.079167
0 0.750391 0.666319 0.043750 0.113194
0 0.874805 0.650347 0.045703 0.111806
1 0.931836 0.643750 0.033984 0.083333
1 0.722461 0.628472 0.023828 0.059722
1 0.942969 0.586111 0.023438 0.047222
1 0.916016 0.612500 0.025000 0.063889
0 0.819922 0.572917 0.020313 0.043056
0 0.781641 0.571181 0.017188 0.038194
0 0.859180 0.578125 0.021484 0.047917
