1 0.013672 0.656250 0.026562 0.065278
1 0.127734 0.686111 0.048438 0.100000
1 0.067187 0.654861 0.029687 0.059722
1 0.097656 0.677431 0.037500 0.084028
1 0.162695 0.661458 0.027734 0.059028
1 0.197852 0.676736 0.026172 0.059028
1 0.294336 0.680556 0.041797 0.084722
1 0.257227 0.663542 0.027734 0.061806
1 0.344727 0.650694 0.022266 0.056944
1 0.322461 0.660417 0.030859 0.068056
1 0.422852 0.654514 0.023828 0.049306
1 0.547461 0.654167 0.030078 0.050000
1 0.528711 0.595486 0.020703 0.040972
1 0.599023 0.693750 0.059766 0.115278
1 0.643945 0.660417 0.045703 0.091667
1 0.698438 0.645833 0.035937 0.076389
1 0.796875 0.626042 0.028125 0.060417
1 0.825391 0.566319 0.019531 0.040972
1 0.727148 0.640278 0.026953 0.070833
0 0.375000 0.676389 0.039844 0.087500
0 0.488477 0.670486 0.027734 0.056250
0 0.614062 0.618056 0.025000 0.052778
0 0.643750 0.598264 0.022656 0.047917
0 0.866406 0.657639 0.042969 0.111111
0 0.926562 0.639583 0.033594 0.094444
1 0.948633 0.587500 0.024609 0.054167
1 0.867188 0.581250 0.024219 0.051389
1 0.792383 0.553472 0.017578 0.037500
0 0.453320 0.623958 0.022266 0.046528
0 0.758594 0.676736 0.045312 0.104861
0 0.556641 0.573611 0.017969 0.038889
