1 0.019531 0.657639 0.028125 0.066667
1 0.068555 0.654167 0.027734 0.061111
1 0.123828 0.685764 0.046875 0.089583
1 0.290430 0.673611 0.044922 0.087500
1 0.093164 0.679167 0.029297 0.086111
1 0.426172 0.658681 0.025000 0.047917
1 0.482812 0.655556 0.027344 0.047222
1 0.550000 0.654861 0.024219 0.050000
1 0.345508 0.652083 0.025391 0.048611
1 0.525977 0.597917 0.019922 0.038889
1 0.622266 0.607986 0.021875 0.049306
1 0.651367 0.593056 0.019141 0.043056
1 0.664258 0.660417 0.048828 0.090278
1 0.733594 0.628472 0.025000 0.054167
1 0.840625 0.637153 0.025781 0.061806
1 0.942383 0.583333 0.021484 0.045833
1 0.862305 0.575000 0.020703 0.041667
1 0.820898 0.569097 0.022266 0.045139
0 0.197656 0.677083 0.025781 0.055556
0 0.183789 0.660417 0.023828 0.050000
0 0.262500 0.673611 0.026562 0.068056
0 0.371094 0.679167 0.037500 0.059722
0 0.452148 0.622569 0.022266 0.047917
0 0.557617 0.592014 0.018359 0.040972
0 0.708984 0.660417 0.039062 0.084722
0 0.808594 0.671875 0.039844 0.082639
0 0.924805 0.647917 0.036328 0.091667
1 0.773242 0.602778 0.023047 0.048611
1 0.760547 0.663889 0.044531 0.093056
1 0.577539 0.598958 0.017578 0.038194
0 0.585547 0.685069 0.056250 0.117361
0 0.866406 0.653125 0.041406 0.111806
0 0.932617 0.557639 0.018359 0.040278
0 0.793164 0.558333 0.016797 0.037500
1 0.411523 0.643056 0.020703 0.048611
1 0.239258 0.663542 0.029297 0.060417
