1 0.015039 0.661111 0.029297 0.072222
1 0.044531 0.674653 0.038281 0.078472
1 0.077734 0.694444 0.047656 0.093056
1 0.294922 0.673264 0.042188 0.086806
1 0.343750 0.651736 0.025781 0.049306
1 0.390820 0.664931 0.026172 0.053472
1 0.426758 0.654861 0.026172 0.050000
1 0.480078 0.657292 0.027344 0.049306
1 0.539648 0.651389 0.029297 0.055556
1 0.457227 0.597569 0.018359 0.035417
1 0.526758 0.597222 0.021484 0.043056
1 0.582617 0.601042 0.020703 0.039583
1 0.559375 0.585417 0.017188 0.038889
1 0.651563 0.590972 0.023438 0.047222
1 0.618555 0.680208 0.048828 0.102083
1 0.754492 0.650694 0.042578 0.091667
1 0.798438 0.625347 0.025781 0.065972
1 0.930664 0.638542 0.033984 0.082639
1 0.823242 0.567708 0.020703 0.047917
1 0.264648 0.672917 0.032422 0.052778
1 0.941211 0.571875 0.026172 0.052083
0 0.197461 0.678125 0.032422 0.054861
0 0.694727 0.647917 0.034766 0.087500
1 0.834570 0.653125 0.037109 0.074306
1 0.723242 0.646528 0.028516 0.072222
1 0.447461 0.632292 0.026953 0.049306
0 0.860352 0.581250 0.026172 0.051389
1 0.772656 0.601042 0.025000 0.042361
0 0.789648 0.562153 0.019141 0.038194
0 0.116406 0.664583 0.032031 0.075000
