0 0.018555 0.664236 0.028516 0.070139
0 0.043750 0.678125 0.034375 0.086806
1 0.073242 0.693750 0.043359 0.093056
1 0.107227 0.664931 0.030078 0.064583
1 0.161523 0.656944 0.026172 0.050000
1 0.223633 0.673958 0.029297 0.060417
1 0.203320 0.677778 0.026953 0.056944
1 0.308203 0.644792 0.022656 0.050694
1 0.425977 0.654514 0.026953 0.049306
0 0.536914 0.652431 0.026953 0.057639
1 0.615625 0.683333 0.048438 0.100000
1 0.724609 0.625694 0.026562 0.056944
0 0.278711 0.691319 0.044922 0.099306
0 0.388281 0.665972 0.027344 0.054167
0 0.656641 0.672917 0.039844 0.098611
0 0.696289 0.654861 0.037891 0.088889
0 0.619531 0.618403 0.022656 0.045139
0 0.644922 0.592014 0.020313 0.046528
0 0.861914 0.657292 0.041016 0.118750
0 0.763086 0.656597 0.040234 0.104861
1 0.798633 0.631597 0.024609 0.067361
1 0.483203 0.652778 0.023438 0.045833
1 0.526758 0.598958 0.021484 0.043750
1 0.577344 0.600000 0.017188 0.038889
1 0.931445 0.641319 0.033203 0.075694
1 0.945117 0.581597 0.021484 0.046528
1 0.861914 0.556250 0.019141 0.044444
0 0.850977 0.580903 0.020703 0.050694
0 0.459375 0.634722 0.022656 0.048611
0 0.549414 0.573611 0.019141 0.036111
0 0.985156 0.592361 0.022656 0.054167
0 0.797070 0.576736 0.021484 0.043750
0 0.337891 0.676736 0.037500 0.081250
0 0.561523 0.623611 0.026172 0.051389
