1 0.038867 0.672222 0.040234 0.079167
1 0.078516 0.698611 0.048438 0.084722
1 0.693555 0.649653 0.038672 0.078472
1 0.728711 0.630556 0.026953 0.063889
1 0.424805 0.659028 0.023828 0.051389
1 0.472266 0.657639 0.025781 0.050000
1 0.395703 0.663194 0.026562 0.054167
1 0.931836 0.651389 0.033984 0.084722
1 0.950000 0.582639 0.021094 0.054167
0 0.590625 0.682292 0.054688 0.134028
0 0.160352 0.658681 0.030859 0.057639
0 0.195898 0.674653 0.028516 0.054861
0 0.261133 0.709722 0.045703 0.100000
0 0.337109 0.676736 0.037500 0.074306
0 0.315625 0.660069 0.031250 0.067361
0 0.536914 0.665278 0.030078 0.056944
1 0.540820 0.604167 0.016797 0.038889
0 0.640234 0.658333 0.045312 0.104167
0 0.758203 0.675000 0.040625 0.111111
0 0.869531 0.654861 0.046094 0.112500
1 0.814063 0.563542 0.021094 0.042361
1 0.653906 0.592708 0.021875 0.046528
0 0.839648 0.652083 0.040234 0.079167
0 0.862891 0.552431 0.019531 0.039583
0 0.856641 0.585764 0.021875 0.046528
0 0.932617 0.563194 0.020703 0.041667
1 0.984570 0.584375 0.020703 0.052083
1 0.769531 0.576042 0.018750 0.032639
1 0.576758 0.598611 0.019141 0.037500
