1 0.043359 0.671181 0.039062 0.081250
1 0.123047 0.688194 0.050000 0.093056
1 0.163281 0.659028 0.026562 0.056944
1 0.234180 0.673264 0.028516 0.061806
1 0.307617 0.674306 0.037109 0.084722
1 0.428125 0.653125 0.027344 0.050694
1 0.550391 0.657292 0.028906 0.050694
1 0.628320 0.679167 0.050391 0.098611
1 0.625195 0.605556 0.023047 0.050000
1 0.578711 0.598611 0.017578 0.041667
1 0.694141 0.645833 0.040625 0.070833
1 0.760547 0.657292 0.042188 0.082639
1 0.924219 0.633333 0.036719 0.075000
1 0.821094 0.565278 0.017969 0.043056
1 0.649414 0.592708 0.023828 0.052083
1 0.951953 0.585069 0.023438 0.045139
0 0.858984 0.580903 0.020313 0.052083
0 0.199219 0.675694 0.025781 0.061111
0 0.282813 0.658333 0.024219 0.066667
0 0.378516 0.671875 0.028906 0.059028
0 0.483008 0.657639 0.027734 0.050000
1 0.533594 0.636111 0.027344 0.052778
0 0.791797 0.556944 0.016406 0.040278
0 0.878906 0.645139 0.035937 0.115278
1 0.804492 0.627083 0.026953 0.068056
0 0.983594 0.593056 0.022656 0.058333
1 0.846094 0.639583 0.030469 0.063889
0 0.933008 0.558681 0.019922 0.043750
0 0.450977 0.623958 0.021484 0.047917
