1 0.075586 0.646181 0.029297 0.065972
1 0.120117 0.680556 0.049609 0.095833
1 0.161328 0.661806 0.026562 0.054167
1 0.287500 0.676042 0.039062 0.097917
1 0.236719 0.669792 0.029687 0.063194
1 0.427148 0.655556 0.025391 0.047222
1 0.576367 0.599306 0.019922 0.038889
1 0.658008 0.589583 0.019922 0.045833
1 0.668555 0.653125 0.046484 0.077083
1 0.767578 0.601389 0.024219 0.047222
1 0.793164 0.624306 0.028516 0.065278
1 0.960156 0.582986 0.021094 0.052083
1 0.987695 0.583681 0.022266 0.059028
1 0.868945 0.657639 0.052734 0.113889
1 0.616211 0.689236 0.057422 0.113194
1 0.472070 0.657986 0.029297 0.054861
0 0.344531 0.676736 0.039062 0.079861
0 0.202344 0.673611 0.026562 0.056944
0 0.530469 0.659375 0.028125 0.057639
1 0.408203 0.642708 0.023438 0.053472
1 0.455078 0.617014 0.021094 0.043750
0 0.758203 0.676042 0.044531 0.096528
0 0.931641 0.648958 0.032813 0.088194
0 0.819727 0.568403 0.018359 0.046528
1 0.852734 0.581597 0.024219 0.049306
0 0.607031 0.617014 0.024219 0.050694
1 0.925195 0.576042 0.022266 0.049306
1 0.560156 0.616667 0.021094 0.043056
