1 0.017188 0.653819 0.031250 0.063194
1 0.121484 0.685069 0.050000 0.096528
1 0.308984 0.673264 0.042969 0.092361
1 0.429883 0.654514 0.027734 0.050694
1 0.534570 0.663889 0.030078 0.054167
1 0.654687 0.589931 0.019531 0.045139
1 0.769141 0.581250 0.017969 0.041667
1 0.412109 0.643056 0.020313 0.054167
1 0.525195 0.599306 0.020703 0.043056
1 0.567578 0.617361 0.021094 0.043056
1 0.475391 0.657639 0.025781 0.054167
1 0.821289 0.569444 0.020703 0.047222
1 0.931641 0.643750 0.035156 0.087500
1 0.950391 0.586111 0.025000 0.052778
0 0.599414 0.687847 0.058984 0.127083
0 0.661914 0.678472 0.047266 0.104167
0 0.751172 0.696875 0.046094 0.104861
0 0.823633 0.664236 0.041016 0.086806
0 0.693750 0.651736 0.039062 0.085417
0 0.264062 0.664583 0.032031 0.075000
0 0.197461 0.678819 0.029297 0.053472
0 0.343555 0.677778 0.037109 0.077778
0 0.868164 0.651389 0.045703 0.105556
1 0.863477 0.576389 0.019922 0.036111
0 0.932227 0.560764 0.020703 0.047917
0 0.453516 0.636458 0.024219 0.043750
1 0.790820 0.623264 0.028516 0.060417
0 0.047656 0.696528 0.033594 0.069444
