1 0.018750 0.657639 0.029687 0.068056
1 0.082422 0.689583 0.043750 0.088889
1 0.117773 0.656597 0.032422 0.063194
1 0.167383 0.654514 0.024609 0.056250
1 0.203320 0.673264 0.024609 0.056250
1 0.290625 0.674653 0.042188 0.084028
1 0.431641 0.655556 0.023438 0.045833
1 0.389062 0.665972 0.024219 0.055556
1 0.479687 0.656250 0.028125 0.047222
1 0.549805 0.645833 0.026953 0.056944
1 0.532031 0.630208 0.027344 0.047917
1 0.496094 0.637847 0.024219 0.040972
1 0.409766 0.643056 0.024219 0.050000
1 0.574805 0.598264 0.019141 0.040972
1 0.629687 0.673611 0.054688 0.100000
1 0.759180 0.653819 0.042578 0.081250
1 0.725586 0.637847 0.030078 0.065972
1 0.818945 0.568056 0.019141 0.038889
1 0.785742 0.568403 0.018359 0.038194
0 0.256250 0.672222 0.029687 0.070833
0 0.344922 0.669444 0.038281 0.083333
0 0.616797 0.610417 0.027344 0.052778
0 0.653516 0.593056 0.024219 0.048611
0 0.694922 0.655903 0.036719 0.085417
0 0.855078 0.638889 0.042969 0.105556
0 0.932617 0.648958 0.037109 0.090972
0 0.932227 0.560069 0.017578 0.046528
1 0.528906 0.596875 0.017969 0.032639
1 0.546484 0.581944 0.017188 0.033333
0 0.960547 0.585764 0.022656 0.052083
0 0.911914 0.582292 0.019922 0.045139
