1 0.016992 0.659028 0.030078 0.065278
1 0.081055 0.693056 0.047266 0.087500
1 0.294141 0.676736 0.046875 0.092361
1 0.429688 0.655556 0.025000 0.045833
1 0.417383 0.613194 0.022266 0.045833
1 0.531055 0.598264 0.019922 0.040972
1 0.622852 0.603819 0.020703 0.045139
1 0.650977 0.595139 0.021484 0.047222
1 0.568750 0.618056 0.023438 0.041667
0 0.156445 0.667708 0.030859 0.057639
0 0.198047 0.676042 0.028125 0.059028
1 0.233984 0.676389 0.037500 0.069444
0 0.340039 0.678819 0.037891 0.079861
0 0.381250 0.670833 0.032031 0.058333
0 0.481250 0.658333 0.024219 0.052778
0 0.530664 0.670486 0.027734 0.057639
0 0.623633 0.679861 0.051953 0.095833
0 0.696484 0.654861 0.037500 0.083333
0 0.763672 0.680903 0.042188 0.096528
0 0.875586 0.645833 0.044141 0.106944
1 0.720898 0.632292 0.028516 0.063194
1 0.754687 0.606597 0.021875 0.045139
1 0.801562 0.631944 0.028906 0.061111
0 0.818945 0.567361 0.019922 0.043056
1 0.867578 0.575000 0.019531 0.040278
1 0.934375 0.641319 0.034375 0.075694
0 0.935547 0.570833 0.024219 0.050000
1 0.957031 0.584375 0.021094 0.046528
1 0.789258 0.569444 0.018359 0.034722
0 0.556250 0.595486 0.017969 0.040972
1 0.448633 0.618750 0.021484 0.045833
