0 0.072852 0.700000 0.047266 0.095833
0 0.158008 0.667708 0.029297 0.057639
1 0.199805 0.677778 0.026953 0.059722
1 0.115234 0.655903 0.033594 0.070139
0 0.278320 0.691319 0.040234 0.084028
0 0.254688 0.670486 0.025781 0.063194
0 0.327734 0.663889 0.029687 0.061111
0 0.369922 0.678125 0.039062 0.072917
0 0.407617 0.610764 0.026172 0.049306
0 0.494336 0.661806 0.024609 0.050000
0 0.575000 0.724653 0.055469 0.124306
0 0.440039 0.646181 0.028516 0.053472
1 0.534375 0.629861 0.022656 0.051389
1 0.555078 0.651736 0.025781 0.050694
0 0.619922 0.642361 0.025000 0.045833
0 0.583398 0.629167 0.025391 0.043056
0 0.648633 0.595139 0.026172 0.052778
0 0.567578 0.589583 0.017969 0.036111
1 0.769141 0.645833 0.037500 0.077778
0 0.704492 0.644792 0.033984 0.088194
1 0.806445 0.631944 0.025391 0.061111
0 0.874805 0.639236 0.045703 0.113194
0 0.940625 0.649653 0.034375 0.089583
1 0.867578 0.554167 0.021094 0.040278
0 0.793555 0.568403 0.017578 0.043750
0 0.740039 0.640972 0.024609 0.056944
1 0.932227 0.553125 0.018359 0.042361
0 0.941406 0.585069 0.019531 0.050694
1 0.921680 0.616319 0.026953 0.067361
