0 0.028516 0.721875 0.037500 0.084028
0 0.059961 0.763889 0.050391 0.083333
0 0.052734 0.656597 0.032031 0.068750
0 0.110156 0.673611 0.037500 0.069444
0 0.152734 0.689931 0.031250 0.063194
0 0.198242 0.705556 0.030078 0.052778
0 0.250000 0.704167 0.045312 0.088889
0 0.297656 0.672569 0.034375 0.067361
0 0.410742 0.627778 0.025391 0.052778
0 0.450195 0.647917 0.026172 0.047222
0 0.492578 0.651389 0.025000 0.050000
0 0.469141 0.696528 0.028906 0.052778
0 0.572070 0.643403 0.026172 0.047917
0 0.614453 0.620833 0.025781 0.056944
0 0.648633 0.603819 0.022266 0.047917
0 0.543164 0.664583 0.030078 0.063889
0 0.564063 0.594097 0.021094 0.038194
0 0.543164 0.788194 0.062891 0.113889
0 0.652734 0.709028 0.052344 0.090278
0 0.706641 0.651042 0.037500 0.081250
0 0.764648 0.669097 0.037891 0.090972
0 0.785742 0.631944 0.030078 0.061111
0 0.353906 0.668056 0.046094 0.081944
0 0.449609 0.605556 0.017188 0.031944
0 0.776172 0.575000 0.018750 0.041667
0 0.867383 0.557639 0.020703 0.044444
0 0.860156 0.681250 0.042188 0.106944
0 0.919141 0.665625 0.031250 0.089583
0 0.944141 0.579861 0.021094 0.054167
0 0.734570 0.633333 0.025391 0.056944
