0 0.066992 0.657639 0.029297 0.066667
1 0.084961 0.694097 0.048047 0.089583
1 0.161523 0.660069 0.025391 0.054861
1 0.198437 0.675000 0.027344 0.055556
1 0.292578 0.674653 0.041406 0.089583
1 0.339258 0.649653 0.023047 0.049306
1 0.421484 0.659722 0.024219 0.045833
1 0.443555 0.637847 0.022266 0.046528
1 0.481445 0.644792 0.027734 0.050694
1 0.544727 0.630903 0.029297 0.060417
1 0.577539 0.597222 0.018359 0.037500
1 0.654102 0.587500 0.021484 0.048611
1 0.263477 0.669792 0.030078 0.068750
0 0.224219 0.685069 0.030469 0.057639
0 0.405078 0.625000 0.025000 0.045833
0 0.369727 0.678125 0.039453 0.077083
0 0.572070 0.699306 0.058984 0.129167
0 0.526953 0.601389 0.021094 0.045833
0 0.564453 0.578472 0.021875 0.037500
0 0.644336 0.680208 0.046484 0.096528
0 0.697461 0.660417 0.039453 0.081944
0 0.728906 0.636458 0.028125 0.065972
0 0.758203 0.662847 0.038281 0.089583
0 0.863672 0.638542 0.044531 0.109028
1 0.923828 0.644097 0.035937 0.085417
1 0.818555 0.566667 0.021484 0.041667
1 0.791211 0.552431 0.016016 0.035417
1 0.780273 0.570139 0.016797 0.037500
0 0.615625 0.621181 0.025781 0.047917
0 0.865625 0.560069 0.021094 0.045139
0 0.852539 0.575000 0.017578 0.038889
1 0.767383 0.581944 0.019141 0.037500
0 0.938281 0.597222 0.022656 0.055556
1 0.989062 0.645486 0.021875 0.084028
1 0.798828 0.630208 0.027344 0.064583
