1 0.047461 0.676042 0.039453 0.082639
1 0.084570 0.694097 0.048828 0.089583
1 0.187305 0.663542 0.026172 0.054861
1 0.283008 0.666667 0.040234 0.077778
1 0.233203 0.679167 0.023438 0.051389
1 0.500195 0.651042 0.026172 0.046528
1 0.540039 0.650000 0.030078 0.052778
1 0.468945 0.595139 0.016797 0.040278
1 0.529492 0.593750 0.020703 0.037500
1 0.568555 0.619097 0.020703 0.043750
1 0.649609 0.593403 0.021094 0.047917
1 0.405859 0.642708 0.025000 0.047917
1 0.335938 0.655208 0.021875 0.049306
1 0.592578 0.695833 0.063281 0.112500
1 0.668359 0.659722 0.044531 0.077778
1 0.774609 0.659722 0.041406 0.080556
1 0.927344 0.639931 0.033594 0.088194
1 0.731250 0.630903 0.029687 0.057639
1 0.771680 0.582292 0.019922 0.036806
1 0.936328 0.571528 0.019531 0.043056
0 0.867188 0.637847 0.041406 0.107639
0 0.367383 0.676736 0.041016 0.074306
0 0.428516 0.651736 0.025781 0.049306
0 0.616211 0.617361 0.026172 0.050000
0 0.701367 0.659722 0.034766 0.090278
0 0.835547 0.569792 0.020313 0.040972
0 0.950586 0.584028 0.020703 0.051389
1 0.449609 0.639931 0.020313 0.043750
