1 0.013672 0.664931 0.026562 0.070139
1 0.099219 0.665625 0.030469 0.072917
1 0.124023 0.688194 0.045703 0.093056
1 0.294727 0.675000 0.042578 0.090278
1 0.387109 0.657986 0.025000 0.046528
1 0.343945 0.652778 0.023828 0.051389
1 0.460547 0.599306 0.019531 0.038889
1 0.569531 0.619792 0.021875 0.045139
1 0.619922 0.608333 0.025000 0.048611
1 0.648828 0.597222 0.019531 0.044444
0 0.420312 0.669097 0.026562 0.050694
0 0.194922 0.679861 0.030469 0.055556
0 0.225000 0.688889 0.032031 0.059722
0 0.366016 0.676389 0.038281 0.069444
0 0.318555 0.660764 0.028516 0.060417
1 0.591211 0.690278 0.058984 0.109722
0 0.491016 0.655208 0.028125 0.052083
0 0.438086 0.643750 0.025391 0.045833
0 0.526172 0.605208 0.022656 0.042361
0 0.533594 0.586111 0.018750 0.031944
0 0.540430 0.667014 0.032422 0.054861
1 0.657031 0.662153 0.047656 0.085417
0 0.869141 0.634375 0.039062 0.106250
0 0.707812 0.663542 0.040625 0.082639
0 0.751953 0.659375 0.043750 0.103472
0 0.927539 0.636111 0.034766 0.081944
1 0.824805 0.566319 0.020703 0.042361
1 0.776953 0.570139 0.017188 0.040278
0 0.792188 0.568750 0.014844 0.041667
1 0.986133 0.631597 0.027734 0.077083
0 0.951172 0.583681 0.022656 0.053472
0 0.063477 0.662500 0.034766 0.066667
