1 0.164062 0.663194 0.025781 0.054167
0 0.582227 0.703125 0.045703 0.118750
1 0.458203 0.594444 0.015625 0.033333
1 0.082422 0.692014 0.032813 0.078472
1 0.046484 0.674653 0.028906 0.084028
1 0.014844 0.661806 0.028125 0.062500
0 0.196289 0.680208 0.019922 0.054861
0 0.217969 0.682292 0.024219 0.063194
0 0.298828 0.692361 0.033594 0.077778
0 0.272070 0.664931 0.021484 0.068750
0 0.372070 0.677431 0.025391 0.061806
1 0.338281 0.654514 0.021094 0.049306
1 0.406836 0.643403 0.018359 0.039583
0 0.426758 0.659375 0.026953 0.052083
0 0.695703 0.658681 0.035156 0.086806
0 0.647266 0.679861 0.042188 0.090278
0 0.862695 0.642361 0.043359 0.095833
1 0.472656 0.661111 0.021094 0.038889
0 0.529687 0.667014 0.028906 0.050694
0 0.533203 0.578125 0.018750 0.031250
0 0.445117 0.643056 0.013672 0.037500
1 0.547656 0.634028 0.020313 0.038889
0 0.565625 0.628472 0.016406 0.031944
1 0.578320 0.604167 0.018359 0.031944
1 0.614258 0.605208 0.024609 0.043750
1 0.647852 0.592014 0.024609 0.040972
1 0.728711 0.628125 0.016797 0.059028
1 0.763086 0.591667 0.019141 0.033333
0 0.752734 0.674306 0.035156 0.090278
1 0.795898 0.634028 0.015234 0.043056
0 0.811719 0.636806 0.016406 0.055556
1 0.929297 0.645139 0.025000 0.072222
0 0.990820 0.658681 0.016797 0.052083
1 0.948633 0.590278 0.014453 0.041667
1 0.780078 0.573264 0.011719 0.036806
0 0.791797 0.559028 0.016406 0.031944
1 0.823828 0.562847 0.017188 0.040972
1 0.866406 0.552083 0.016406 0.040278
0 0.990625 0.584722 0.018750 0.050000
0 0.355859 0.643750 0.012500 0.036111
0 0.933203 0.560417 0.014844 0.047222
