1 0.164062 0.648958 0.024219 0.052083
0 0.198047 0.675694 0.023438 0.052778
1 0.079687 0.685764 0.033594 0.082639
0 0.020898 0.664931 0.029297 0.068750
0 0.058008 0.660764 0.016797 0.063194
0 0.273438 0.690278 0.027344 0.069444
0 0.322461 0.688889 0.033203 0.072222
0 0.223828 0.682986 0.025781 0.049306
1 0.303906 0.646528 0.016406 0.040278
1 0.343359 0.651042 0.021094 0.043750
0 0.372070 0.676042 0.023047 0.052083
0 0.361914 0.644444 0.019141 0.037500
1 0.257031 0.667361 0.010937 0.056944
0 0.423438 0.672569 0.023438 0.053472
1 0.406641 0.644444 0.014844 0.029167
1 0.442969 0.642361 0.020313 0.038889
1 0.485547 0.643403 0.016406 0.049306
1 0.499609 0.655903 0.014844 0.040972
0 0.529297 0.668056 0.028125 0.050000
1 0.462500 0.600347 0.023438 0.040972
1 0.523242 0.596875 0.022266 0.040972
1 0.564258 0.578125 0.012891 0.031250
0 0.563086 0.631944 0.017578 0.041667
0 0.614844 0.613194 0.019531 0.050000
1 0.650781 0.591319 0.019531 0.043750
0 0.547070 0.640625 0.016797 0.040972
1 0.627930 0.686111 0.047266 0.090278
1 0.756836 0.658333 0.033984 0.070833
1 0.861719 0.643056 0.037500 0.077778
1 0.666016 0.661458 0.027344 0.075694
0 0.698828 0.654167 0.027344 0.084722
1 0.730273 0.635417 0.023047 0.069444
1 0.791016 0.656944 0.024219 0.094444
1 0.927539 0.637153 0.030859 0.078472
1 0.988672 0.638542 0.022656 0.063194
1 0.818750 0.569444 0.017188 0.043056
0 0.949219 0.597917 0.018750 0.052778
0 0.987891 0.581597 0.019531 0.042361
0 0.933789 0.575694 0.012891 0.043056
0 0.764648 0.605556 0.022266 0.040278
1 0.780469 0.569792 0.013281 0.027083
1 0.857031 0.581250 0.015625 0.034722
0 0.791406 0.563542 0.011719 0.029861
1 0.577734 0.605208 0.017969 0.027083
