1 0.591602 0.696528 0.044922 0.104167
1 0.665234 0.662500 0.038281 0.090278
1 0.698828 0.643750 0.031250 0.068056
1 0.746094 0.661806 0.028906 0.076389
0 0.778711 0.659028 0.030859 0.080556
0 0.863867 0.652431 0.035547 0.099306
0 0.925586 0.647569 0.036328 0.097917
0 0.987305 0.636806 0.025391 0.077778
1 0.942383 0.593056 0.023828 0.043056
0 0.858594 0.586806 0.020313 0.037500
0 0.779492 0.573958 0.012891 0.039583
1 0.811914 0.564583 0.019922 0.036111
1 0.762305 0.600000 0.019141 0.043056
1 0.801172 0.637847 0.014844 0.070139
1 0.730859 0.622569 0.014844 0.050694
0 0.935937 0.556597 0.020313 0.035417
0 0.862695 0.551736 0.017578 0.028472
1 0.650391 0.589583 0.018750 0.040278
1 0.619141 0.612847 0.026562 0.049306
1 0.557617 0.572917 0.016797 0.038889
1 0.574023 0.604167 0.016016 0.029167
1 0.537695 0.604514 0.011328 0.027083
0 0.529102 0.662847 0.024609 0.050694
0 0.494922 0.656597 0.024219 0.054861
1 0.461328 0.599306 0.019531 0.037500
0 0.445117 0.624653 0.028516 0.038194
0 0.420117 0.679861 0.026953 0.044444
1 0.404687 0.647222 0.016406 0.036111
1 0.338867 0.653819 0.010547 0.043750
0 0.358984 0.679514 0.038281 0.065972
1 0.315820 0.681944 0.033203 0.081944
0 0.292187 0.656944 0.017188 0.066667
0 0.262500 0.676736 0.027344 0.071528
0 0.203516 0.694444 0.024219 0.044444
0 0.162891 0.679167 0.026562 0.063889
1 0.110352 0.693403 0.041797 0.099306
1 0.047070 0.679514 0.029297 0.084028
1 0.008984 0.660764 0.017188 0.068750
1 0.550000 0.635069 0.019531 0.039583
0 0.566016 0.637500 0.015625 0.048611
