1 0.593359 0.684028 0.054688 0.097222
1 0.679102 0.659375 0.040234 0.072917
1 0.746680 0.664931 0.035547 0.081250
1 0.872070 0.658333 0.047266 0.087500
1 0.776367 0.639931 0.023828 0.072917
0 0.804102 0.648611 0.023828 0.070833
0 0.838672 0.656250 0.019531 0.075000
0 0.935937 0.652431 0.040625 0.092361
1 0.988086 0.634028 0.023828 0.068056
0 0.984375 0.588194 0.021094 0.054167
1 0.957227 0.584722 0.012109 0.050000
1 0.857031 0.576389 0.020313 0.043056
1 0.862109 0.547917 0.021875 0.029167
0 0.936914 0.571181 0.022266 0.064583
1 0.814258 0.565972 0.014453 0.044444
0 0.790625 0.554514 0.013281 0.029861
1 0.778320 0.567361 0.014453 0.038889
1 0.765820 0.580556 0.019922 0.033333
1 0.643359 0.587153 0.021094 0.043750
1 0.562305 0.572917 0.019141 0.036111
1 0.615039 0.606597 0.026172 0.053472
1 0.576562 0.605208 0.017188 0.032639
1 0.535937 0.608681 0.011719 0.035417
1 0.549414 0.634028 0.016797 0.038889
0 0.566211 0.636806 0.017578 0.038889
0 0.468750 0.590625 0.021875 0.025694
1 0.463281 0.622222 0.022656 0.047222
1 0.492578 0.646181 0.022656 0.049306
1 0.450781 0.664236 0.021094 0.040972
0 0.446094 0.635764 0.021875 0.034028
1 0.530273 0.657639 0.026172 0.045833
1 0.405078 0.642708 0.014844 0.043750
1 0.340039 0.651389 0.014453 0.044444
1 0.318164 0.683333 0.026172 0.077778
1 0.266992 0.672917 0.030859 0.065278
1 0.297656 0.653819 0.014844 0.054861
1 0.225781 0.682292 0.026562 0.052083
1 0.189648 0.665625 0.028516 0.056250
1 0.112109 0.702083 0.042188 0.093056
1 0.046094 0.670486 0.035937 0.089583
1 0.012891 0.657986 0.024219 0.086806
