1 0.605469 0.668750 0.046875 0.097222
1 0.095703 0.700000 0.039062 0.095833
1 0.057617 0.662153 0.030859 0.065972
0 0.171289 0.658681 0.034766 0.070139
0 0.204883 0.675694 0.023047 0.062500
0 0.240430 0.689236 0.026172 0.065972
0 0.281445 0.671181 0.015234 0.077083
0 0.301367 0.681597 0.044141 0.099306
1 0.376563 0.633681 0.017969 0.038194
0 0.427539 0.667361 0.023047 0.052778
1 0.405273 0.644097 0.020703 0.040972
0 0.445508 0.642708 0.016016 0.049306
1 0.482227 0.635069 0.015234 0.050694
0 0.504883 0.656944 0.030078 0.050000
0 0.540234 0.654861 0.025000 0.055556
1 0.536133 0.607292 0.009766 0.027083
0 0.559375 0.579167 0.015625 0.036111
1 0.574219 0.602083 0.016406 0.031944
1 0.613281 0.609722 0.017969 0.037500
1 0.646875 0.594444 0.023438 0.052778
0 0.659961 0.669444 0.039453 0.098611
1 0.736914 0.687153 0.038672 0.110417
0 0.699414 0.669444 0.032422 0.091667
0 0.778320 0.656944 0.037891 0.094444
1 0.868750 0.649306 0.042969 0.111111
1 0.800391 0.623958 0.019531 0.068750
1 0.755859 0.585764 0.010156 0.040972
0 0.785937 0.563542 0.013281 0.034028
1 0.825000 0.564236 0.017969 0.043750
0 0.859375 0.560069 0.021094 0.040972
0 0.878320 0.574306 0.016797 0.038889
1 0.932617 0.562847 0.014453 0.047917
1 0.950977 0.586111 0.017578 0.051389
1 0.924805 0.638194 0.030859 0.088889
1 0.991797 0.645486 0.016406 0.084028
