1 0.013672 0.651042 0.026562 0.071528
0 0.066016 0.665972 0.023438 0.068056
1 0.084180 0.659722 0.013672 0.061111
0 0.104492 0.700000 0.047266 0.094444
1 0.157422 0.656597 0.026562 0.056250
1 0.235547 0.672917 0.019531 0.056944
1 0.305273 0.665278 0.036328 0.088889
1 0.340820 0.654514 0.023047 0.060417
0 0.370117 0.682639 0.038672 0.073611
1 0.257422 0.653819 0.020313 0.053472
0 0.399414 0.631597 0.012891 0.036806
1 0.411523 0.642361 0.019922 0.043056
0 0.424023 0.668056 0.019922 0.043056
0 0.448633 0.626736 0.023047 0.039583
1 0.456445 0.598264 0.019141 0.034028
1 0.485938 0.642014 0.020313 0.049306
1 0.508789 0.648958 0.020703 0.052083
0 0.541406 0.655556 0.022656 0.052778
1 0.568945 0.598264 0.019141 0.029861
1 0.534961 0.608333 0.009766 0.031944
0 0.615234 0.615625 0.021094 0.040972
1 0.645703 0.593403 0.020313 0.049306
1 0.590820 0.674306 0.048047 0.094444
1 0.657031 0.666319 0.045312 0.081250
0 0.700391 0.660069 0.039062 0.089583
1 0.748047 0.655903 0.032031 0.075694
1 0.779102 0.633333 0.023047 0.063889
1 0.804102 0.627431 0.015234 0.060417
1 0.770508 0.594097 0.022266 0.034028
1 0.825977 0.563194 0.016016 0.034722
0 0.787695 0.556597 0.017578 0.043750
0 0.860156 0.569097 0.018750 0.050694
0 0.935547 0.558333 0.024219 0.037500
1 0.954492 0.591319 0.019141 0.040972
1 0.989648 0.585069 0.020703 0.047917
0 0.933008 0.640972 0.033984 0.087500
0 0.986133 0.643403 0.027734 0.075694
0 0.850586 0.678819 0.041797 0.111806
