0 0.583398 0.698958 0.055078 0.121528
0 0.651758 0.664583 0.035547 0.087500
1 0.650977 0.663194 0.035547 0.087500
0 0.689453 0.676389 0.026562 0.077778
0 0.731055 0.720833 0.044922 0.100000
0 0.733008 0.643750 0.027734 0.068056
1 0.774414 0.646181 0.035547 0.068750
1 0.754687 0.578125 0.018750 0.040972
1 0.800781 0.630208 0.017969 0.063194
0 0.807227 0.577431 0.017578 0.040972
1 0.781055 0.574653 0.016016 0.035417
1 0.863086 0.629167 0.034766 0.075000
0 0.890430 0.634028 0.011328 0.054167
0 0.982031 0.732639 0.035937 0.108333
1 0.938281 0.570139 0.016406 0.044444
0 0.937695 0.654167 0.031641 0.088889
0 0.990430 0.589931 0.016016 0.049306
0 0.961328 0.605903 0.021875 0.054861
0 0.854102 0.579861 0.019922 0.041667
1 0.925586 0.607986 0.019141 0.049306
0 0.072656 0.697569 0.048438 0.102083
1 0.072461 0.639236 0.028516 0.031250
1 0.100195 0.667708 0.023828 0.068750
1 0.155859 0.658333 0.023438 0.051389
0 0.200977 0.676736 0.028516 0.067361
0 0.236719 0.676042 0.019531 0.057639
0 0.265234 0.703472 0.037500 0.076389
0 0.304102 0.673958 0.027734 0.060417
1 0.344531 0.676736 0.036719 0.071528
0 0.428906 0.668403 0.020313 0.049306
0 0.409570 0.648264 0.019141 0.043750
0 0.490625 0.657639 0.016406 0.045833
0 0.526953 0.675000 0.026562 0.055556
0 0.562500 0.569792 0.020313 0.032639
0 0.613281 0.613889 0.022656 0.043056
1 0.652344 0.593750 0.025781 0.043056
1 0.459766 0.594792 0.015625 0.035417
1 0.451953 0.623611 0.018750 0.036111
1 0.478320 0.637500 0.011328 0.034722
1 0.569531 0.595139 0.016406 0.029167
