1 0.584766 0.675000 0.046875 0.093056
1 0.020313 0.656944 0.032031 0.066667
0 0.064844 0.660069 0.025781 0.060417
1 0.083984 0.695486 0.042188 0.081250
1 0.154688 0.660417 0.021875 0.055556
1 0.189062 0.679514 0.028125 0.054861
1 0.245312 0.660069 0.016406 0.050694
1 0.262891 0.669097 0.021875 0.065972
1 0.302539 0.678125 0.042578 0.099306
0 0.338867 0.689236 0.031641 0.067361
1 0.432227 0.655208 0.019141 0.040972
0 0.488867 0.654167 0.026172 0.033333
1 0.461523 0.591667 0.019141 0.029167
1 0.525781 0.596875 0.014844 0.032639
0 0.415625 0.650347 0.016406 0.049306
0 0.528711 0.663542 0.027734 0.052083
1 0.566602 0.572569 0.020703 0.031250
1 0.569922 0.603125 0.017188 0.034028
0 0.614844 0.613542 0.026562 0.053472
1 0.654102 0.591319 0.018359 0.039583
1 0.455859 0.617708 0.017188 0.035417
0 0.661719 0.685069 0.042969 0.099306
0 0.711328 0.675000 0.030469 0.080556
0 0.746484 0.681944 0.038281 0.086111
1 0.777344 0.623264 0.032813 0.063194
1 0.753711 0.589931 0.014453 0.042361
1 0.785937 0.554167 0.014844 0.029167
0 0.815625 0.571181 0.020313 0.045139
1 0.934766 0.564583 0.014844 0.044444
1 0.947070 0.592014 0.024609 0.045139
1 0.850586 0.640625 0.040234 0.097917
0 0.916602 0.660417 0.033984 0.077778
0 0.987305 0.644097 0.025391 0.059028
0 0.401367 0.639583 0.019922 0.048611
0 0.375586 0.665625 0.026172 0.054861
