1 0.044141 0.681250 0.021875 0.087500
1 0.075586 0.696875 0.030859 0.084028
1 0.112305 0.657986 0.027734 0.057639
0 0.146680 0.666667 0.028516 0.058333
1 0.190820 0.679167 0.029297 0.051389
1 0.225977 0.676736 0.029297 0.049306
0 0.275000 0.668750 0.025000 0.077778
1 0.340820 0.650000 0.019922 0.040278
1 0.302930 0.677778 0.037109 0.077778
1 0.382422 0.678125 0.025000 0.052083
1 0.428711 0.657986 0.023047 0.049306
1 0.404687 0.652083 0.025000 0.047222
0 0.361523 0.649653 0.017578 0.039583
0 0.454102 0.639931 0.021484 0.043750
1 0.460156 0.590278 0.016406 0.027778
1 0.489258 0.642361 0.019141 0.037500
1 0.535937 0.653125 0.025000 0.049306
0 0.581836 0.707639 0.055078 0.129167
1 0.650391 0.663889 0.045312 0.076389
0 0.708008 0.668750 0.037109 0.073611
1 0.555273 0.568403 0.021484 0.035417
1 0.539258 0.602083 0.021484 0.033333
1 0.575195 0.596875 0.016797 0.025694
1 0.566016 0.627431 0.017969 0.038194
1 0.613477 0.615625 0.020703 0.040972
1 0.654883 0.585417 0.019141 0.045833
1 0.787305 0.655556 0.035547 0.075000
0 0.753320 0.670833 0.041016 0.106944
1 0.783789 0.575000 0.016016 0.041667
0 0.817773 0.584722 0.022266 0.030556
0 0.856250 0.582986 0.017188 0.035417
0 0.863672 0.656944 0.035937 0.095833
0 0.918164 0.643750 0.030859 0.098611
1 0.958398 0.586111 0.019141 0.052778
0 0.933008 0.557639 0.012109 0.034722
0 0.768164 0.598611 0.017578 0.043056
0 0.940820 0.630903 0.017578 0.045139
0 0.727344 0.627083 0.016406 0.051389
