0 0.571484 0.768750 0.063281 0.111111
1 0.292773 0.667361 0.037109 0.081944
1 0.101758 0.686458 0.038672 0.096528
1 0.156836 0.661458 0.027734 0.050694
0 0.042383 0.698611 0.034766 0.091667
1 0.198828 0.672917 0.018750 0.050000
0 0.232227 0.687153 0.026953 0.063194
0 0.329102 0.675694 0.028516 0.073611
0 0.368164 0.644097 0.023828 0.042361
0 0.400586 0.653472 0.024609 0.050000
0 0.432227 0.663194 0.025391 0.061111
0 0.484375 0.661111 0.025000 0.040278
0 0.532227 0.673611 0.030859 0.051389
0 0.538867 0.633681 0.023828 0.032639
1 0.459375 0.601042 0.021094 0.035417
0 0.520898 0.609028 0.021484 0.036111
0 0.569336 0.570139 0.016797 0.037500
1 0.576562 0.600694 0.021094 0.033333
0 0.564453 0.626389 0.019531 0.034722
0 0.614453 0.617708 0.021875 0.057639
0 0.645312 0.594444 0.023438 0.047222
1 0.648242 0.658333 0.037891 0.070833
0 0.700391 0.659028 0.037500 0.081944
1 0.733203 0.626736 0.026562 0.063194
0 0.753125 0.685069 0.032031 0.089583
0 0.858398 0.645139 0.042578 0.094444
0 0.804297 0.636806 0.021875 0.056944
0 0.943750 0.658333 0.031250 0.080556
1 0.988867 0.640972 0.022266 0.068056
1 0.961133 0.581250 0.019141 0.040278
1 0.933008 0.569792 0.017578 0.038194
0 0.921484 0.633681 0.023438 0.067361
1 0.828711 0.567014 0.023828 0.038194
1 0.763086 0.572569 0.011328 0.027083
1 0.769141 0.594444 0.016406 0.023611
0 0.792773 0.558333 0.020703 0.033333
0 0.784180 0.579167 0.014453 0.038889
1 0.863281 0.557639 0.022656 0.037500
0 0.991211 0.589931 0.017578 0.038194
