1 0.300781 0.682292 0.032813 0.078472
1 0.166016 0.659028 0.028125 0.051389
1 0.198828 0.678819 0.025000 0.059028
0 0.067969 0.648611 0.022656 0.070833
1 0.088086 0.696181 0.041016 0.079861
0 0.037695 0.692361 0.030859 0.084722
1 0.011914 0.664236 0.017578 0.074306
0 0.219922 0.680903 0.017188 0.054861
0 0.236133 0.674653 0.023828 0.060417
0 0.275195 0.673958 0.026953 0.072917
0 0.342773 0.654167 0.019141 0.048611
0 0.380273 0.679167 0.023047 0.041667
1 0.451758 0.658681 0.019141 0.045139
0 0.480078 0.661458 0.021094 0.050694
0 0.529102 0.681250 0.030859 0.052778
1 0.460352 0.604861 0.019141 0.041667
0 0.400391 0.643403 0.021094 0.049306
1 0.520898 0.604861 0.020703 0.037500
1 0.572266 0.600694 0.014063 0.027778
1 0.567383 0.574653 0.018359 0.034028
1 0.485156 0.625347 0.026562 0.038194
0 0.436914 0.639583 0.013672 0.048611
0 0.616211 0.627083 0.022266 0.045833
0 0.641602 0.594792 0.020703 0.040972
0 0.562109 0.627431 0.019531 0.043750
1 0.586523 0.698264 0.055078 0.097917
1 0.647266 0.660764 0.036719 0.075694
1 0.688672 0.646181 0.042969 0.081250
1 0.729297 0.629167 0.017969 0.056944
1 0.748437 0.664931 0.031250 0.081250
1 0.796680 0.636806 0.019922 0.055556
1 0.856836 0.651389 0.042578 0.106944
1 0.857227 0.543750 0.022266 0.034722
1 0.928125 0.643056 0.027344 0.066667
1 0.766797 0.600000 0.017969 0.029167
1 0.759375 0.578472 0.017188 0.034722
1 0.777930 0.572569 0.014453 0.031250
0 0.791406 0.576042 0.017188 0.039583
1 0.931445 0.571528 0.017578 0.040278
1 0.948438 0.592361 0.022656 0.047222
1 0.983594 0.585069 0.021094 0.049306
1 0.822070 0.584028 0.018359 0.043056
1 0.991016 0.631597 0.017969 0.067361
