1 0.583594 0.681250 0.051562 0.097222
0 0.504297 0.693750 0.024219 0.052778
1 0.483984 0.666667 0.017969 0.047222
1 0.186523 0.652778 0.022266 0.044444
1 0.228320 0.686806 0.021484 0.063889
1 0.077930 0.684722 0.037891 0.080556
1 0.042383 0.667361 0.034766 0.075000
1 0.015039 0.674306 0.026953 0.077778
1 0.108789 0.668056 0.024609 0.063889
1 0.276172 0.667014 0.017188 0.056250
1 0.259961 0.673264 0.016797 0.045139
1 0.304297 0.684028 0.031250 0.086111
1 0.382422 0.666667 0.021094 0.041667
1 0.429297 0.665972 0.021094 0.043056
0 0.364648 0.647569 0.017578 0.049306
1 0.458398 0.598958 0.012109 0.032639
1 0.451172 0.650694 0.017188 0.044444
1 0.534570 0.600000 0.012891 0.029167
1 0.549414 0.636806 0.019922 0.048611
1 0.613672 0.606944 0.020313 0.047222
0 0.637109 0.597222 0.021094 0.040278
1 0.634375 0.661458 0.039062 0.079861
1 0.698242 0.648611 0.023828 0.070833
1 0.746484 0.629861 0.039062 0.081944
1 0.859570 0.654861 0.027734 0.093056
1 0.756641 0.577431 0.019531 0.029861
1 0.780664 0.575347 0.015234 0.031250
1 0.813867 0.566319 0.017578 0.035417
0 0.792578 0.560764 0.014844 0.035417
1 0.855078 0.574306 0.013281 0.027778
0 0.870117 0.569097 0.016016 0.039583
1 0.930469 0.566319 0.016406 0.046528
1 0.954492 0.587500 0.012891 0.059722
1 0.978711 0.586111 0.021484 0.052778
1 0.911719 0.602778 0.023438 0.043056
1 0.924805 0.646875 0.030078 0.068750
1 0.795898 0.630903 0.027734 0.060417
1 0.992969 0.629167 0.014063 0.075000
