1 0.080664 0.693056 0.042578 0.081944
0 0.054883 0.670139 0.022266 0.069444
0 0.154883 0.656250 0.024609 0.051389
0 0.188867 0.696528 0.021484 0.069444
1 0.228516 0.676389 0.024219 0.061111
1 0.283984 0.684028 0.042188 0.087500
0 0.328125 0.678472 0.026562 0.073611
0 0.366016 0.655208 0.024219 0.046528
0 0.387109 0.673264 0.027344 0.053472
0 0.429102 0.672917 0.023828 0.065278
1 0.484570 0.646528 0.028516 0.051389
0 0.525977 0.677431 0.026953 0.056250
1 0.450195 0.617708 0.019141 0.039583
1 0.464844 0.597917 0.013281 0.030556
1 0.540625 0.632292 0.014063 0.047917
0 0.527539 0.601736 0.017578 0.038194
0 0.554492 0.575000 0.012891 0.037500
0 0.560352 0.626042 0.017578 0.039583
0 0.568945 0.602083 0.016797 0.037500
0 0.614062 0.621528 0.024219 0.055556
0 0.651758 0.598611 0.025391 0.050000
0 0.705859 0.665278 0.039844 0.084722
0 0.654297 0.678819 0.037500 0.099306
1 0.620117 0.698264 0.046484 0.092361
1 0.779492 0.635764 0.029297 0.057639
0 0.753711 0.702431 0.036328 0.097917
1 0.722461 0.635417 0.018359 0.068056
1 0.742188 0.635417 0.017969 0.051389
1 0.759570 0.585417 0.019922 0.045833
1 0.787891 0.571528 0.020313 0.029167
1 0.822461 0.568056 0.018359 0.043056
0 0.848242 0.554514 0.011328 0.029861
1 0.805273 0.637153 0.016797 0.077083
0 0.867773 0.656944 0.053516 0.102778
1 0.951758 0.584028 0.019922 0.040278
0 0.939453 0.651042 0.028125 0.089583
0 0.990234 0.594444 0.013281 0.052778
0 0.993945 0.655903 0.012109 0.075694
0 0.857227 0.586111 0.016797 0.029167
