1 0.618945 0.680208 0.045703 0.089583
1 0.046875 0.663889 0.024219 0.081944
1 0.080859 0.695486 0.046094 0.081250
1 0.119922 0.665625 0.028906 0.061806
1 0.154492 0.658681 0.029297 0.064583
1 0.197070 0.678819 0.023828 0.050694
1 0.240430 0.665972 0.028516 0.050000
1 0.289258 0.697222 0.042578 0.083333
1 0.265430 0.668750 0.016797 0.065278
0 0.333984 0.688889 0.038281 0.081944
0 0.387305 0.676389 0.021484 0.056944
1 0.425977 0.670833 0.025391 0.048611
0 0.445312 0.647917 0.020313 0.044444
1 0.462305 0.596181 0.023828 0.031250
1 0.484766 0.659375 0.022656 0.042361
0 0.524414 0.673264 0.028516 0.052083
1 0.544141 0.639583 0.017969 0.044444
1 0.538477 0.607986 0.012891 0.038194
1 0.574609 0.611111 0.017969 0.034722
0 0.615820 0.616667 0.017578 0.037500
1 0.650586 0.598611 0.019141 0.048611
0 0.695312 0.666319 0.040625 0.092361
0 0.757812 0.686458 0.042188 0.102083
1 0.726953 0.637153 0.025000 0.061806
0 0.858594 0.664931 0.035937 0.089583
1 0.750586 0.611111 0.018359 0.050000
1 0.769141 0.561458 0.016406 0.038194
0 0.787305 0.564236 0.016797 0.032639
1 0.824609 0.571181 0.016406 0.045139
1 0.779102 0.639583 0.029297 0.061111
0 0.802344 0.644097 0.027344 0.070139
0 0.858203 0.587500 0.021094 0.037500
1 0.865234 0.551736 0.025000 0.024306
0 0.930664 0.638889 0.032422 0.075000
1 0.988477 0.632986 0.023047 0.063194
1 0.984570 0.583333 0.018359 0.040278
1 0.943359 0.591667 0.025781 0.041667
0 0.888281 0.643403 0.021094 0.057639
0 0.561914 0.637847 0.018359 0.057639
0 0.405273 0.658333 0.017578 0.040278
0 0.365039 0.657639 0.023828 0.043056
