1 0.576758 0.717361 0.058203 0.108333
0 0.643359 0.675000 0.042188 0.093056
1 0.013477 0.655556 0.026172 0.070833
0 0.060937 0.680556 0.032031 0.073611
1 0.087109 0.662153 0.021875 0.065972
1 0.109766 0.704861 0.046094 0.102778
1 0.157422 0.664583 0.023438 0.051389
1 0.202930 0.678819 0.016797 0.053472
0 0.228516 0.694097 0.026562 0.065972
0 0.276758 0.699653 0.037109 0.084028
1 0.253320 0.655903 0.022266 0.050694
0 0.327930 0.684722 0.032422 0.070833
0 0.368750 0.654514 0.015625 0.047917
0 0.422656 0.679861 0.025781 0.048611
0 0.400586 0.643750 0.021484 0.045833
1 0.419531 0.640972 0.016406 0.036111
0 0.456055 0.646181 0.020703 0.046528
1 0.480859 0.640278 0.015625 0.045833
1 0.496289 0.657986 0.024609 0.052083
0 0.530273 0.664583 0.022266 0.052778
1 0.544922 0.632986 0.024219 0.043750
1 0.454102 0.611111 0.018359 0.030556
1 0.462500 0.596875 0.017969 0.036806
1 0.524219 0.603125 0.017188 0.035417
0 0.556250 0.595139 0.015625 0.027778
0 0.568164 0.629514 0.021484 0.040972
1 0.628125 0.614236 0.022656 0.052083
1 0.650391 0.596181 0.023438 0.045139
1 0.689844 0.650000 0.039062 0.081944
1 0.724414 0.636111 0.021484 0.063889
1 0.752930 0.660417 0.028516 0.077778
1 0.851172 0.645486 0.039062 0.089583
1 0.932813 0.651042 0.028125 0.077083
1 0.914453 0.614931 0.017969 0.061806
1 0.932227 0.557292 0.016797 0.046528
0 0.980859 0.592014 0.022656 0.053472
0 0.947656 0.587847 0.021875 0.049306
1 0.763672 0.582292 0.017969 0.031250
1 0.785937 0.643750 0.014844 0.065278
1 0.801758 0.627778 0.018359 0.055556
0 0.786719 0.570139 0.014844 0.033333
0 0.806641 0.569792 0.018750 0.025694
1 0.579688 0.599306 0.017188 0.033333
0 0.858789 0.550347 0.019141 0.032639
0 0.862891 0.586111 0.015625 0.033333
0 0.990625 0.662847 0.018750 0.082639
