1 0.589648 0.684375 0.045703 0.097917
1 0.280664 0.695833 0.029297 0.081944
1 0.101953 0.698611 0.029687 0.087500
1 0.086328 0.665972 0.017188 0.061111
1 0.070898 0.670486 0.023047 0.074306
1 0.154883 0.653472 0.024609 0.055556
1 0.206836 0.668750 0.022266 0.048611
0 0.237695 0.659722 0.018359 0.048611
0 0.258008 0.679167 0.026172 0.072222
1 0.305469 0.652778 0.023438 0.041667
1 0.330859 0.671181 0.025000 0.060417
0 0.371875 0.645139 0.015625 0.036111
0 0.391211 0.663542 0.023047 0.043750
1 0.411914 0.645486 0.018359 0.043750
0 0.440625 0.675000 0.022656 0.045833
0 0.527344 0.670833 0.028125 0.050000
0 0.488867 0.661806 0.019922 0.051389
0 0.441797 0.640278 0.019531 0.037500
1 0.463281 0.597569 0.014063 0.029861
0 0.475000 0.650694 0.016406 0.043056
0 0.529297 0.600347 0.014844 0.035417
1 0.557617 0.613889 0.020703 0.037500
1 0.542969 0.632292 0.017188 0.034028
1 0.658398 0.595833 0.019141 0.044444
1 0.634961 0.662500 0.041016 0.088889
1 0.698828 0.663194 0.027344 0.084722
1 0.763477 0.659722 0.030859 0.083333
1 0.730664 0.638542 0.023828 0.068750
1 0.762695 0.602778 0.013672 0.026389
1 0.751367 0.595833 0.015234 0.034722
1 0.787891 0.547569 0.015625 0.025694
1 0.858594 0.555208 0.021875 0.032639
1 0.780859 0.572222 0.015625 0.026389
1 0.814453 0.574306 0.022656 0.036111
1 0.816406 0.629167 0.023438 0.047222
1 0.911719 0.588889 0.028125 0.047222
1 0.940234 0.592708 0.017188 0.031250
1 0.982812 0.584028 0.017969 0.040278
1 0.921094 0.642361 0.033594 0.072222
1 0.986914 0.646181 0.026172 0.089583
0 0.859180 0.665625 0.041016 0.109028
0 0.564063 0.577083 0.013281 0.033333
