0 0.060547 0.745486 0.050781 0.092361
1 0.040234 0.667708 0.035156 0.075694
1 0.012109 0.659722 0.023438 0.077778
0 0.099023 0.675694 0.033984 0.073611
0 0.148828 0.676042 0.021094 0.064583
0 0.184180 0.703125 0.026953 0.059028
0 0.230078 0.696181 0.037500 0.074306
1 0.281641 0.694444 0.047656 0.094444
1 0.304102 0.643056 0.017578 0.040278
0 0.343945 0.655556 0.027734 0.054167
0 0.382812 0.676389 0.025000 0.056944
0 0.409961 0.660417 0.020703 0.059722
0 0.431836 0.677778 0.029297 0.048611
1 0.483984 0.657292 0.025781 0.038194
0 0.527148 0.678472 0.027734 0.052778
0 0.449609 0.635069 0.030469 0.046528
0 0.456836 0.603472 0.026953 0.040278
0 0.558203 0.606597 0.014844 0.052083
1 0.541016 0.634722 0.017969 0.045833
0 0.572070 0.633681 0.016797 0.036806
1 0.615234 0.613194 0.021094 0.048611
1 0.649805 0.588542 0.021484 0.052083
0 0.364844 0.659375 0.014063 0.043750
0 0.564648 0.573611 0.015234 0.034722
0 0.639258 0.680208 0.045703 0.089583
1 0.680859 0.643750 0.040625 0.076389
0 0.721094 0.650347 0.027344 0.068750
0 0.743750 0.640972 0.014844 0.044444
1 0.768359 0.664236 0.035156 0.081250
0 0.860352 0.662153 0.043359 0.102083
1 0.928125 0.648264 0.028125 0.089583
1 0.989648 0.661458 0.020703 0.074306
0 0.944922 0.609028 0.015625 0.036111
0 0.991406 0.604861 0.017188 0.044444
1 0.762305 0.586458 0.019922 0.035417
1 0.796484 0.569097 0.013281 0.034028
1 0.816797 0.567361 0.019531 0.036111
1 0.850391 0.582639 0.020313 0.043056
1 0.861719 0.558333 0.021094 0.048611
1 0.943945 0.569792 0.020703 0.038194
0 0.807617 0.633681 0.031641 0.050694
