0 0.585352 0.699653 0.046484 0.121528
0 0.633008 0.672917 0.037109 0.076389
0 0.683594 0.659722 0.038281 0.084722
1 0.728711 0.649306 0.025391 0.058333
0 0.757617 0.682292 0.045703 0.103472
0 0.856445 0.660069 0.041016 0.102083
1 0.813672 0.630556 0.016406 0.044444
1 0.744727 0.596528 0.016016 0.031944
1 0.760156 0.606597 0.021875 0.029861
0 0.772070 0.578819 0.019141 0.038194
0 0.790820 0.561806 0.017578 0.036111
0 0.824609 0.579861 0.019531 0.040278
0 0.862109 0.557639 0.020313 0.034722
0 0.857617 0.590972 0.018359 0.037500
0 0.917383 0.625694 0.019922 0.054167
0 0.941406 0.647569 0.032813 0.078472
0 0.937109 0.587153 0.013281 0.038194
0 0.953320 0.586111 0.016797 0.050000
0 0.981250 0.588889 0.024219 0.052778
0 0.986914 0.655208 0.026172 0.097917
1 0.660547 0.593056 0.016406 0.043056
0 0.557227 0.581944 0.019922 0.050000
1 0.570898 0.620486 0.019141 0.035417
1 0.608789 0.619444 0.025391 0.050000
0 0.461328 0.607986 0.021094 0.045139
0 0.522656 0.623611 0.018750 0.036111
0 0.544727 0.651389 0.025391 0.054167
0 0.508008 0.684375 0.034766 0.056250
0 0.479492 0.648611 0.019141 0.050000
0 0.452539 0.658681 0.020703 0.050694
0 0.399219 0.638194 0.019531 0.038889
0 0.420898 0.646875 0.019141 0.045139
0 0.438477 0.646875 0.016797 0.047917
0 0.386719 0.672569 0.025781 0.046528
1 0.345508 0.655208 0.023828 0.045139
0 0.365039 0.648611 0.021484 0.043056
1 0.312109 0.647917 0.022656 0.037500
1 0.262305 0.673264 0.018359 0.059028
0 0.235742 0.675347 0.027734 0.063194
1 0.291016 0.690278 0.037500 0.084722
1 0.209180 0.675694 0.022266 0.052778
1 0.161328 0.668403 0.031250 0.059028
1 0.118750 0.694444 0.031250 0.088889
0 0.097070 0.673611 0.019141 0.066667
1 0.053320 0.667361 0.033203 0.068056
