1 0.016211 0.653472 0.031641 0.075000
0 0.076563 0.659722 0.014063 0.054167
1 0.092188 0.671181 0.020313 0.072917
1 0.123633 0.690972 0.037891 0.086111
1 0.152539 0.661111 0.022266 0.051389
1 0.203516 0.674653 0.021875 0.049306
1 0.240234 0.664931 0.021875 0.046528
1 0.261719 0.677431 0.019531 0.059028
1 0.276172 0.689931 0.032031 0.075694
0 0.329297 0.682292 0.042188 0.086806
0 0.374023 0.671875 0.026172 0.054861
0 0.411328 0.640972 0.020313 0.040278
0 0.435352 0.668403 0.028516 0.050694
1 0.474414 0.650000 0.019922 0.040278
0 0.449219 0.635764 0.021875 0.039583
1 0.460938 0.604167 0.017969 0.037500
0 0.537109 0.681597 0.031250 0.064583
0 0.519727 0.620139 0.023047 0.045833
0 0.554883 0.646875 0.026172 0.047917
0 0.553516 0.582292 0.012500 0.031250
1 0.565234 0.580556 0.010937 0.018056
1 0.571484 0.599653 0.015625 0.031250
0 0.611523 0.615972 0.028516 0.037500
1 0.666211 0.596875 0.021484 0.046528
1 0.594141 0.673264 0.050781 0.092361
1 0.661133 0.660417 0.031641 0.066667
0 0.694141 0.656597 0.028906 0.077083
1 0.716992 0.639583 0.019141 0.056944
1 0.742969 0.671528 0.039062 0.076389
0 0.783984 0.661111 0.028906 0.075000
0 0.760547 0.600694 0.019531 0.044444
1 0.776953 0.594792 0.014844 0.032639
1 0.843945 0.645486 0.022266 0.061806
1 0.867383 0.638194 0.040234 0.094444
1 0.918750 0.651042 0.035156 0.082639
1 0.993945 0.646181 0.012109 0.081250
1 0.984375 0.647222 0.014844 0.068056
1 0.986523 0.578819 0.016797 0.039583
1 0.947656 0.592361 0.021875 0.051389
1 0.929883 0.565625 0.018359 0.045139
0 0.821289 0.576042 0.016797 0.042361
0 0.792188 0.557292 0.013281 0.034028
1 0.853906 0.550347 0.017188 0.025694
0 0.856055 0.584722 0.015234 0.031944
0 0.803320 0.612153 0.023828 0.047917
