0 0.053516 0.676042 0.028125 0.064583
1 0.090430 0.683333 0.019922 0.079167
1 0.117578 0.689236 0.039062 0.071528
1 0.157422 0.667361 0.035156 0.065278
1 0.203711 0.680903 0.027734 0.052083
0 0.236328 0.680903 0.028125 0.070139
0 0.252148 0.732292 0.047266 0.093750
1 0.262695 0.657292 0.023047 0.043750
1 0.283203 0.675694 0.024219 0.062500
1 0.307227 0.645486 0.016797 0.043750
0 0.328711 0.687500 0.034766 0.073611
0 0.361523 0.649306 0.025391 0.040278
0 0.389844 0.669097 0.023438 0.052083
0 0.411133 0.657986 0.023047 0.046528
0 0.434570 0.664236 0.026953 0.046528
1 0.467383 0.598264 0.014453 0.035417
0 0.477734 0.645139 0.017188 0.043056
0 0.453125 0.639931 0.019531 0.047917
0 0.535352 0.675694 0.024609 0.051389
0 0.537891 0.613542 0.016406 0.043750
0 0.558594 0.579514 0.017188 0.031250
0 0.579492 0.611458 0.017578 0.035417
0 0.615430 0.618056 0.021484 0.047222
0 0.652930 0.601389 0.023828 0.048611
0 0.556641 0.644792 0.027344 0.046528
1 0.594336 0.685764 0.051172 0.106250
0 0.660547 0.665625 0.037500 0.088194
0 0.714648 0.690278 0.037891 0.088889
1 0.725586 0.628125 0.019922 0.050694
0 0.759375 0.680556 0.032813 0.100000
0 0.864453 0.664236 0.038281 0.102083
1 0.802539 0.634722 0.018359 0.051389
1 0.769141 0.605556 0.022656 0.043056
0 0.774414 0.552778 0.011328 0.027778
0 0.792773 0.556944 0.014453 0.030556
0 0.818945 0.576736 0.023828 0.052083
0 0.855664 0.586806 0.019141 0.040278
0 0.864844 0.559722 0.022656 0.036111
0 0.952539 0.589583 0.020703 0.043056
0 0.983008 0.592014 0.017578 0.050694
0 0.920703 0.669444 0.028906 0.081944
0 0.989648 0.668056 0.020703 0.088889
