1 0.037695 0.684028 0.030859 0.087500
1 0.079297 0.689236 0.039062 0.082639
1 0.111328 0.667708 0.025781 0.063194
0 0.154297 0.670486 0.028906 0.064583
0 0.193945 0.694444 0.030078 0.061111
1 0.226367 0.684722 0.020703 0.063889
0 0.267969 0.712153 0.048438 0.095139
0 0.339453 0.681250 0.035156 0.068056
0 0.289453 0.668750 0.043750 0.079167
0 0.378906 0.671181 0.025781 0.049306
1 0.417578 0.639583 0.014063 0.037500
0 0.399023 0.644097 0.021484 0.045139
0 0.429883 0.674306 0.025391 0.047222
0 0.448047 0.639236 0.022656 0.042361
0 0.484570 0.641667 0.019141 0.047222
0 0.468750 0.594792 0.017188 0.034028
0 0.503125 0.656944 0.017188 0.037500
0 0.538086 0.672917 0.028516 0.073611
0 0.537109 0.606944 0.017969 0.037500
0 0.565039 0.567708 0.012109 0.025694
0 0.567773 0.631250 0.024609 0.044444
1 0.608984 0.603125 0.027344 0.046528
0 0.652148 0.587847 0.019141 0.043750
1 0.619922 0.687847 0.043750 0.099306
0 0.654102 0.650000 0.044141 0.091667
0 0.698828 0.685417 0.035937 0.083333
1 0.732227 0.640278 0.024609 0.066667
1 0.771289 0.597917 0.014453 0.030556
0 0.784961 0.579167 0.014453 0.033333
1 0.813086 0.568750 0.020703 0.041667
0 0.856445 0.589583 0.015234 0.031944
1 0.941992 0.587847 0.013672 0.031250
1 0.953906 0.576042 0.017969 0.047917
0 0.856250 0.559722 0.023438 0.033333
0 0.761719 0.686458 0.037500 0.107639
0 0.813281 0.630556 0.018750 0.044444
0 0.865039 0.667708 0.039453 0.109028
0 0.927539 0.646875 0.029297 0.082639
