1 0.018750 0.673611 0.021875 0.052778
1 0.042383 0.677083 0.026953 0.083333
1 0.074023 0.690972 0.028516 0.080556
1 0.111133 0.664931 0.023828 0.063194
1 0.161523 0.660764 0.024609 0.054861
0 0.197656 0.680208 0.022656 0.047917
1 0.252539 0.667014 0.030859 0.053472
1 0.288281 0.682986 0.037500 0.084028
0 0.340430 0.682639 0.037109 0.077778
0 0.367578 0.644444 0.025781 0.062500
0 0.384961 0.681597 0.030078 0.057639
1 0.407031 0.648264 0.020313 0.043750
0 0.436328 0.650694 0.017969 0.043056
1 0.453906 0.654167 0.022656 0.047222
1 0.468750 0.595833 0.017969 0.037500
1 0.483203 0.637153 0.019531 0.038194
1 0.502734 0.655556 0.022656 0.045833
0 0.531641 0.690972 0.029687 0.061111
0 0.535156 0.613889 0.013281 0.036111
0 0.546289 0.583333 0.016797 0.036111
0 0.551172 0.641319 0.017188 0.047917
0 0.567773 0.627083 0.019141 0.041667
0 0.614062 0.617361 0.022656 0.045833
0 0.656055 0.596875 0.024609 0.046528
1 0.624219 0.684722 0.039844 0.091667
1 0.667188 0.661458 0.034375 0.075694
0 0.708789 0.683333 0.033203 0.084722
1 0.723633 0.639583 0.023828 0.056944
1 0.761328 0.659028 0.035937 0.075000
1 0.815234 0.563889 0.014844 0.026389
1 0.785352 0.572222 0.016016 0.037500
1 0.759766 0.606250 0.016406 0.029167
1 0.813867 0.628819 0.020703 0.040972
0 0.870508 0.664931 0.041016 0.104861
0 0.854688 0.590625 0.020313 0.042361
0 0.860352 0.556944 0.020703 0.029167
1 0.947852 0.594097 0.019141 0.040972
1 0.926367 0.652083 0.028516 0.081944
0 0.987305 0.643056 0.025391 0.061111
0 0.993359 0.591667 0.013281 0.045833
