0 0.040430 0.705903 0.035547 0.095139
1 0.074805 0.694792 0.033984 0.085417
0 0.156836 0.665625 0.021484 0.045139
0 0.187891 0.687847 0.028906 0.049306
1 0.247852 0.657986 0.009766 0.039583
1 0.260352 0.674306 0.018359 0.055556
0 0.275977 0.678125 0.016797 0.063194
1 0.300586 0.679167 0.031641 0.072222
1 0.342773 0.656597 0.018359 0.042361
0 0.378711 0.677083 0.026953 0.061111
0 0.411914 0.653472 0.022266 0.043056
0 0.456250 0.668750 0.017969 0.036111
0 0.438867 0.652778 0.019922 0.038889
0 0.453711 0.631250 0.022266 0.044444
0 0.502148 0.661458 0.019922 0.047917
0 0.536523 0.661806 0.028516 0.045833
1 0.486914 0.635417 0.014453 0.047222
1 0.467187 0.597917 0.017969 0.036111
0 0.564063 0.633333 0.014063 0.040278
1 0.549023 0.580903 0.016016 0.034028
1 0.574609 0.609375 0.014063 0.034028
0 0.610742 0.618750 0.015234 0.048611
1 0.655273 0.594097 0.016016 0.043750
1 0.588867 0.694792 0.058984 0.106250
0 0.653906 0.680556 0.042188 0.090278
0 0.683203 0.660417 0.025781 0.079167
1 0.728711 0.636806 0.023047 0.065278
1 0.762500 0.672222 0.029687 0.083333
1 0.858398 0.646528 0.041797 0.097222
1 0.771094 0.604861 0.016406 0.026389
1 0.757422 0.601042 0.014844 0.034028
1 0.782031 0.565972 0.016406 0.029167
1 0.821289 0.578125 0.026172 0.049306
0 0.862109 0.559722 0.021875 0.034722
1 0.950586 0.591667 0.018359 0.040278
0 0.926758 0.667361 0.024609 0.075000
0 0.991797 0.598264 0.016406 0.035417
0 0.991016 0.655903 0.017969 0.068750
