0 0.581641 0.717708 0.048438 0.120139
0 0.647852 0.681250 0.043359 0.093056
1 0.695703 0.654514 0.032031 0.077083
1 0.731836 0.625347 0.028516 0.060417
0 0.768750 0.689236 0.031250 0.086806
0 0.859766 0.667361 0.040625 0.098611
1 0.797070 0.626389 0.022266 0.052778
1 0.764453 0.590278 0.020313 0.026389
1 0.759961 0.567014 0.017578 0.020139
1 0.776367 0.566319 0.010547 0.028472
1 0.813281 0.565278 0.016406 0.037500
0 0.791016 0.560069 0.014063 0.034028
1 0.855664 0.554861 0.022266 0.029167
1 0.857617 0.574653 0.014453 0.028472
1 0.919336 0.577431 0.019922 0.039583
0 0.949609 0.586111 0.023438 0.038889
1 0.990430 0.621528 0.019141 0.066667
1 0.906055 0.608681 0.016016 0.040972
1 0.922656 0.651736 0.034375 0.081250
1 0.013477 0.656597 0.026172 0.082639
0 0.078125 0.740972 0.053906 0.105556
1 0.073828 0.655556 0.017969 0.065278
1 0.093750 0.665972 0.028125 0.059722
0 0.155859 0.661458 0.019531 0.061806
0 0.212695 0.676042 0.028516 0.057639
0 0.237891 0.736458 0.040625 0.077083
1 0.248828 0.655208 0.011719 0.040972
0 0.259375 0.684028 0.027344 0.052778
0 0.313867 0.677431 0.029297 0.054861
1 0.340625 0.655556 0.019531 0.036111
0 0.376367 0.686458 0.043359 0.077083
1 0.384180 0.635069 0.025391 0.028472
1 0.404492 0.665278 0.019922 0.044444
1 0.417187 0.639236 0.017969 0.031250
0 0.439258 0.653472 0.020703 0.043056
1 0.457031 0.660764 0.024219 0.035417
1 0.484570 0.639583 0.012891 0.038889
0 0.498242 0.662500 0.026953 0.043056
1 0.455859 0.617361 0.015625 0.031944
1 0.544141 0.652083 0.019531 0.034722
1 0.526367 0.600000 0.011328 0.040278
1 0.548047 0.584028 0.015625 0.031944
1 0.573828 0.579861 0.022656 0.027778
1 0.570898 0.603472 0.016016 0.030556
1 0.560937 0.644444 0.022656 0.041667
1 0.608008 0.610417 0.028516 0.043056
1 0.663281 0.594792 0.023438 0.042361
