0 0.077344 0.734722 0.051562 0.101389
0 0.094531 0.684722 0.027344 0.069444
0 0.070898 0.656597 0.016797 0.054861
1 0.152930 0.646875 0.030859 0.057639
1 0.200391 0.680208 0.033594 0.054861
1 0.262891 0.667014 0.026562 0.056250
1 0.294141 0.670486 0.038281 0.075694
0 0.338086 0.665625 0.019141 0.047917
0 0.357422 0.651736 0.019531 0.036806
0 0.374219 0.682292 0.027344 0.072917
0 0.404687 0.680556 0.021875 0.054167
0 0.451953 0.609028 0.015625 0.033333
0 0.416797 0.647222 0.021094 0.047222
1 0.466602 0.619097 0.019141 0.047917
0 0.448828 0.671528 0.035937 0.055556
0 0.498242 0.668403 0.023828 0.045139
0 0.534766 0.662153 0.022656 0.052083
1 0.490820 0.628819 0.016797 0.020139
1 0.529492 0.604514 0.021484 0.036806
1 0.571094 0.601389 0.017969 0.023611
1 0.572266 0.581944 0.020313 0.031944
1 0.552734 0.572917 0.018750 0.036111
1 0.586719 0.628125 0.020313 0.027083
1 0.618164 0.604167 0.023047 0.048611
1 0.661523 0.596181 0.023047 0.053472
1 0.579883 0.709375 0.044141 0.096528
0 0.616602 0.697222 0.035547 0.090278
0 0.695898 0.665972 0.029297 0.090278
0 0.756445 0.730556 0.039453 0.104167
0 0.859570 0.657292 0.037109 0.095139
0 0.938281 0.655556 0.028906 0.091667
1 0.731445 0.633681 0.023047 0.060417
1 0.802148 0.617708 0.021484 0.047917
0 0.783203 0.573958 0.014063 0.035417
0 0.806055 0.578472 0.018359 0.038889
0 0.852930 0.561458 0.013672 0.039583
0 0.869531 0.572569 0.019531 0.046528
0 0.952539 0.590972 0.017578 0.040278
0 0.983203 0.592361 0.017188 0.045833
1 0.922070 0.611458 0.013672 0.065972
1 0.992969 0.616667 0.014063 0.076389
