1 0.013281 0.663889 0.021875 0.076389
0 0.066016 0.672569 0.025000 0.081250
0 0.086719 0.705208 0.028125 0.089583
0 0.166992 0.678125 0.025391 0.054861
0 0.189844 0.677431 0.025781 0.067361
0 0.237305 0.722917 0.044141 0.101389
0 0.295312 0.648611 0.016406 0.044444
0 0.339062 0.657292 0.022656 0.042361
0 0.311914 0.679514 0.031641 0.072917
0 0.375586 0.689236 0.036328 0.071528
0 0.357617 0.649653 0.016797 0.046528
0 0.410938 0.681250 0.029687 0.047222
0 0.422070 0.645139 0.023047 0.050000
0 0.450195 0.673264 0.020703 0.045139
0 0.454492 0.630556 0.024609 0.043056
1 0.454883 0.599653 0.028516 0.032639
0 0.479102 0.650694 0.019141 0.044444
0 0.502539 0.659028 0.019141 0.045833
0 0.527539 0.682639 0.036328 0.059722
0 0.538477 0.642361 0.026172 0.050000
0 0.556055 0.626389 0.012891 0.047222
0 0.610938 0.619792 0.017969 0.036806
0 0.553516 0.574306 0.014063 0.036111
1 0.570703 0.584722 0.019531 0.033333
1 0.650977 0.585417 0.021484 0.045833
0 0.577148 0.707292 0.048828 0.120139
0 0.615625 0.685764 0.033594 0.085417
0 0.686719 0.671875 0.033594 0.086806
0 0.737305 0.712500 0.040234 0.079167
0 0.858789 0.681250 0.045703 0.111111
0 0.928320 0.682639 0.024609 0.073611
0 0.946680 0.597917 0.016797 0.038889
0 0.987500 0.597569 0.015625 0.047917
1 0.724023 0.643403 0.030859 0.054861
0 0.775391 0.677083 0.035937 0.066667
1 0.796680 0.637500 0.028516 0.058333
0 0.754492 0.626389 0.023047 0.045833
0 0.766797 0.595833 0.017969 0.043056
0 0.788281 0.554167 0.011719 0.025000
0 0.781055 0.576042 0.018359 0.036806
0 0.804883 0.578472 0.026172 0.043056
0 0.864062 0.593056 0.013281 0.043056
1 0.923242 0.613889 0.024609 0.055556
1 0.989844 0.633333 0.020313 0.069444
