1 0.015234 0.665972 0.022656 0.070833
0 0.064258 0.667014 0.013672 0.070139
1 0.077734 0.670139 0.017969 0.068056
1 0.095508 0.695833 0.038672 0.075000
1 0.184766 0.654514 0.026562 0.049306
1 0.228711 0.687500 0.016797 0.047222
0 0.256445 0.686806 0.028516 0.066667
1 0.288477 0.671528 0.034766 0.081944
1 0.321680 0.665278 0.016797 0.055556
0 0.359570 0.684028 0.032422 0.058333
1 0.341797 0.655903 0.017969 0.045139
1 0.376758 0.627778 0.019922 0.037500
1 0.407617 0.634028 0.011328 0.030556
0 0.400391 0.679861 0.037500 0.050000
1 0.452539 0.670139 0.020703 0.045833
0 0.439844 0.649653 0.017188 0.042361
0 0.449219 0.607292 0.014844 0.038194
1 0.461914 0.613542 0.009766 0.021528
1 0.468555 0.640972 0.021484 0.030556
1 0.500195 0.662153 0.023047 0.046528
0 0.543945 0.671181 0.030078 0.067361
1 0.518750 0.625694 0.023438 0.040278
0 0.572656 0.626736 0.019531 0.029861
1 0.554492 0.579514 0.013672 0.036806
1 0.571484 0.583681 0.017188 0.034028
1 0.567969 0.605903 0.011719 0.029861
1 0.622266 0.610069 0.021094 0.043750
1 0.657031 0.599653 0.022656 0.054861
1 0.579297 0.689236 0.055469 0.096528
0 0.642383 0.700000 0.051953 0.094444
1 0.706445 0.643750 0.028516 0.061111
1 0.732422 0.634028 0.017969 0.061111
1 0.754297 0.581250 0.019531 0.044444
0 0.782422 0.578125 0.012500 0.028472
0 0.810937 0.577431 0.017969 0.036806
0 0.786523 0.550694 0.015234 0.034722
1 0.852344 0.554514 0.016406 0.039583
0 0.862891 0.582639 0.015625 0.029167
1 0.785156 0.636806 0.022656 0.056944
0 0.851758 0.649306 0.041016 0.087500
0 0.902344 0.638542 0.028906 0.075694
1 0.928125 0.622569 0.017969 0.060417
0 0.939063 0.581944 0.011719 0.044444
1 0.953320 0.591319 0.019141 0.049306
1 0.985352 0.587500 0.016797 0.047222
0 0.988672 0.654167 0.022656 0.068056
