0 0.584961 0.740972 0.055859 0.131944
1 0.683789 0.671875 0.043359 0.081250
1 0.753320 0.669097 0.048828 0.085417
1 0.846875 0.630556 0.046094 0.093056
1 0.105664 0.693750 0.042578 0.094444
1 0.062305 0.661111 0.030859 0.055556
1 0.192773 0.656597 0.026953 0.049306
1 0.268555 0.682639 0.043359 0.084722
1 0.314648 0.668056 0.030078 0.065278
1 0.365430 0.669097 0.033203 0.064583
1 0.341797 0.655208 0.021875 0.049306
1 0.408984 0.662153 0.021094 0.043750
1 0.438281 0.663889 0.024219 0.056944
1 0.487500 0.646528 0.026562 0.045833
1 0.528125 0.654514 0.026562 0.042361
0 0.465820 0.621181 0.026953 0.046528
1 0.586523 0.627778 0.020703 0.044444
1 0.618359 0.617014 0.027344 0.050694
1 0.549023 0.578472 0.019141 0.037500
1 0.654883 0.590278 0.023047 0.054167
1 0.759180 0.584028 0.024609 0.050000
