0 0.651563 0.596875 0.021875 0.052083
1 0.108984 0.670833 0.050781 0.098611
1 0.014258 0.660417 0.027734 0.070833
1 0.075977 0.661806 0.023828 0.066667
1 0.300000 0.683333 0.042188 0.091667
1 0.192188 0.659722 0.023438 0.054167
1 0.232617 0.683681 0.023828 0.047917
1 0.383398 0.671181 0.033203 0.072917
1 0.440820 0.661111 0.026172 0.051389
1 0.485352 0.645833 0.024609 0.052778
1 0.532617 0.654861 0.030078 0.062500
1 0.578711 0.620833 0.020703 0.045833
1 0.592969 0.715278 0.057813 0.120833
1 0.678711 0.670833 0.041016 0.084722
1 0.751563 0.678125 0.042969 0.088194
1 0.725391 0.634028 0.024219 0.062500
1 0.800586 0.631597 0.027734 0.077083
1 0.852148 0.633681 0.048047 0.096528
1 0.908594 0.623958 0.033594 0.086806
1 0.551758 0.572569 0.018359 0.040972
