1 0.913086 0.731597 0.048047 0.115972
0 0.816797 0.703125 0.037500 0.079861
0 0.725977 0.687847 0.037109 0.086806
1 0.757227 0.647222 0.021484 0.050000
1 0.317773 0.658333 0.027734 0.070833
0 0.357227 0.677083 0.036328 0.069444
0 0.553125 0.612153 0.015625 0.035417
0 0.678320 0.527083 0.019141 0.037500
1 0.056445 0.625347 0.021484 0.049306
0 0.220508 0.653472 0.030078 0.056944
0 0.137305 0.644444 0.027734 0.051389
0 0.408398 0.670486 0.034766 0.063194
1 0.369141 0.609375 0.015625 0.031250
1 0.601953 0.603819 0.016406 0.042361
