0 0.686523 0.532292 0.023047 0.042361
0 0.750781 0.563194 0.056250 0.133333
1 0.913086 0.718750 0.052734 0.119444
1 0.808008 0.714236 0.037891 0.070139
0 0.570117 0.560069 0.030078 0.065972
0 0.500586 0.627431 0.023828 0.056250
0 0.476172 0.638194 0.018750 0.051389
1 0.311719 0.656944 0.029687 0.063889
1 0.335352 0.642708 0.028516 0.056250
0 0.287891 0.604167 0.017969 0.031944
0 0.220703 0.653472 0.039062 0.063889
0 0.063281 0.645833 0.028906 0.050000
0 0.083008 0.620486 0.025391 0.054861
0 0.134570 0.643056 0.023828 0.054167
1 0.015625 0.627431 0.021875 0.072917
