1 0.057422 0.622222 0.021875 0.052778
0 0.135742 0.643056 0.022266 0.047222
0 0.219141 0.647569 0.025000 0.057639
0 0.309570 0.656250 0.023047 0.058333
1 0.369336 0.667014 0.035547 0.067361
0 0.407813 0.666319 0.036719 0.060417
1 0.478320 0.634722 0.026172 0.050000
1 0.526953 0.628472 0.024219 0.050000
0 0.726367 0.691319 0.037109 0.086806
0 0.811523 0.706250 0.034766 0.083333
0 0.913672 0.727431 0.052344 0.122917
0 0.664648 0.661458 0.034766 0.071528
1 0.753906 0.639583 0.021094 0.040278
1 0.367578 0.609028 0.020313 0.034722
1 0.446289 0.575694 0.016016 0.030556
0 0.604883 0.602431 0.015234 0.036806
0 0.676953 0.528472 0.017969 0.037500
0 0.726562 0.608681 0.020313 0.036806
0 0.116602 0.637500 0.019922 0.047222
0 0.246875 0.606597 0.019531 0.032639
1 0.341992 0.586806 0.015234 0.027778
0 0.418164 0.575000 0.016016 0.031944
