1 0.910937 0.731944 0.042969 0.108333
0 0.725391 0.692014 0.039844 0.089583
1 0.809570 0.712847 0.040234 0.084028
0 0.669922 0.668403 0.034375 0.074306
1 0.757227 0.645833 0.026953 0.054167
1 0.310937 0.660069 0.028906 0.065972
1 0.364258 0.666319 0.031641 0.077083
0 0.408203 0.662847 0.038281 0.071528
1 0.476953 0.635069 0.025781 0.053472
1 0.511719 0.632986 0.028125 0.054861
1 0.054883 0.625000 0.024609 0.052778
0 0.247852 0.605208 0.019922 0.032639
0 0.444727 0.575347 0.016797 0.035417
0 0.418359 0.574653 0.017969 0.029861
0 0.703711 0.544792 0.022266 0.036806
0 0.769531 0.534375 0.019531 0.040972
