1 0.059180 0.621528 0.023047 0.055556
0 0.220312 0.650694 0.033594 0.061111
1 0.914062 0.715625 0.051562 0.131250
1 0.803906 0.710417 0.035156 0.088889
0 0.726172 0.692361 0.035937 0.090278
0 0.676367 0.668750 0.032422 0.075000
1 0.753906 0.645486 0.020313 0.046528
0 0.833594 0.611111 0.025781 0.047222
0 0.807617 0.635417 0.029297 0.054167
1 0.502344 0.627431 0.028906 0.060417
1 0.467578 0.635764 0.025000 0.047917
1 0.365625 0.670486 0.037500 0.072917
0 0.312695 0.655903 0.033203 0.068750
0 0.421875 0.574306 0.018750 0.030556
1 0.250977 0.606250 0.020703 0.037500
1 0.286133 0.609028 0.016016 0.038889
0 0.116406 0.639583 0.019531 0.047222
0 0.133984 0.644444 0.021094 0.050000
