0 0.725977 0.690972 0.041016 0.086111
1 0.803320 0.710417 0.033984 0.083333
1 0.912305 0.718056 0.053516 0.123611
0 0.677734 0.665625 0.033594 0.067361
0 0.756641 0.646528 0.028125 0.059722
1 0.606836 0.606250 0.018359 0.043056
1 0.365234 0.669097 0.033594 0.074306
0 0.310937 0.660069 0.030469 0.064583
0 0.409766 0.665625 0.041406 0.074306
0 0.473047 0.639931 0.030469 0.052083
0 0.504687 0.634375 0.031250 0.059028
0 0.251172 0.603125 0.017969 0.036806
0 0.286719 0.604861 0.019531 0.036111
0 0.314648 0.610764 0.019141 0.034028
1 0.057813 0.623958 0.026562 0.053472
0 0.220898 0.651042 0.031641 0.060417
0 0.420898 0.573611 0.019922 0.031944
0 0.396484 0.584028 0.019531 0.030556
0 0.809570 0.635069 0.024609 0.056250
0 0.558984 0.610069 0.018750 0.040972
1 0.341406 0.587153 0.015625 0.031250
