1 0.913672 0.724653 0.053125 0.121528
1 0.807227 0.716667 0.046484 0.100000
1 0.368164 0.671875 0.036328 0.067361
0 0.255859 0.600347 0.025000 0.036806
0 0.309570 0.660069 0.027734 0.065972
0 0.554492 0.607986 0.018359 0.036806
0 0.508398 0.636111 0.030078 0.066667
0 0.474023 0.636806 0.029297 0.054167
0 0.727539 0.687153 0.039453 0.085417
0 0.678516 0.662153 0.033594 0.064583
0 0.761133 0.650000 0.028516 0.061111
0 0.768945 0.616667 0.030859 0.051389
0 0.607617 0.605208 0.016016 0.047917
0 0.444141 0.575000 0.021094 0.036111
1 0.015820 0.627778 0.019922 0.056944
1 0.057617 0.625694 0.024609 0.051389
0 0.221484 0.652778 0.031250 0.062500
