0 0.633594 0.556944 0.020313 0.052778
1 0.554492 0.611806 0.019141 0.036111
1 0.723828 0.687500 0.036719 0.080556
1 0.805469 0.709375 0.036719 0.084028
1 0.913672 0.724653 0.046094 0.111806
1 0.753711 0.639931 0.023047 0.040972
0 0.764648 0.618403 0.020703 0.036806
0 0.680664 0.524653 0.023047 0.046528
1 0.500977 0.625694 0.029297 0.048611
0 0.466211 0.640278 0.028516 0.054167
1 0.419531 0.637847 0.037500 0.072917
0 0.329883 0.538889 0.050391 0.108333
1 0.254688 0.597917 0.017969 0.037500
0 0.224414 0.651736 0.036328 0.060417
0 0.118750 0.639583 0.019531 0.051389
1 0.058984 0.623611 0.021875 0.052778
1 0.018164 0.629167 0.026172 0.056944
