1 0.914453 0.729861 0.053906 0.133333
1 0.805664 0.715972 0.042578 0.094444
1 0.727344 0.694792 0.039062 0.086806
0 0.677148 0.669444 0.039453 0.076389
0 0.756445 0.647222 0.023828 0.054167
0 0.827539 0.611806 0.026953 0.054167
0 0.447070 0.559028 0.044922 0.116667
0 0.617578 0.560069 0.025000 0.052083
1 0.496484 0.628819 0.026562 0.060417
1 0.315430 0.661111 0.026953 0.061111
1 0.368164 0.606250 0.018359 0.033333
0 0.220117 0.650694 0.030078 0.058333
0 0.287305 0.605556 0.019141 0.034722
0 0.117188 0.634722 0.023438 0.050000
1 0.058984 0.624306 0.018750 0.056944
1 0.015039 0.625694 0.020703 0.051389
0 0.138477 0.643403 0.025391 0.047917
1 0.539648 0.576042 0.012891 0.028472
1 0.518555 0.585764 0.016797 0.027083
