1 0.907813 0.717361 0.053125 0.119444
1 0.807031 0.705903 0.033594 0.090972
1 0.724805 0.688542 0.034766 0.067361
0 0.675391 0.667708 0.033594 0.071528
0 0.625195 0.554167 0.062891 0.113889
1 0.746484 0.563194 0.015625 0.036111
0 0.756641 0.644792 0.024219 0.052083
1 0.312500 0.659722 0.026562 0.065278
1 0.366602 0.672569 0.034766 0.079861
1 0.420117 0.630903 0.030859 0.068750
1 0.478320 0.627431 0.022266 0.043750
0 0.452148 0.571181 0.014453 0.040972
1 0.367188 0.609028 0.015625 0.036111
0 0.286914 0.604167 0.018359 0.031944
1 0.256836 0.601736 0.020703 0.040972
0 0.220898 0.654167 0.034766 0.063889
0 0.084180 0.630556 0.020703 0.043056
0 0.119336 0.635069 0.022266 0.053472
1 0.016992 0.631250 0.022266 0.062500
0 0.058008 0.628819 0.024609 0.056250
