0 0.008008 0.626042 0.015234 0.042361
0 0.027734 0.638194 0.016406 0.043056
0 0.046680 0.643403 0.021484 0.050694
0 0.086719 0.632292 0.022656 0.040972
1 0.132617 0.621875 0.019922 0.042361
0 0.164062 0.637153 0.021094 0.042361
0 0.223047 0.625347 0.017969 0.045139
0 0.309180 0.652778 0.023828 0.050000
0 0.330859 0.641319 0.017969 0.034028
1 0.377148 0.637847 0.018359 0.040972
0 0.358203 0.698958 0.038281 0.082639
0 0.396094 0.666319 0.026562 0.061806
0 0.450586 0.678472 0.028516 0.070833
0 0.421094 0.657986 0.021875 0.049306
0 0.497852 0.675347 0.029297 0.061806
1 0.482422 0.633681 0.017188 0.035417
0 0.570312 0.641319 0.018750 0.042361
1 0.604297 0.631597 0.018750 0.047917
1 0.706250 0.685417 0.034375 0.084722
0 0.822852 0.694792 0.032422 0.081250
1 0.958594 0.638542 0.020313 0.052083
0 0.956055 0.695486 0.023047 0.052083
1 0.927539 0.630208 0.014453 0.036806
0 0.643945 0.620139 0.016016 0.036111
0 0.693945 0.609028 0.012891 0.033333
1 0.616016 0.589236 0.011719 0.025694
0 0.265820 0.639236 0.017578 0.038194
