1 0.051758 0.630556 0.018359 0.044444
0 0.013086 0.619792 0.015234 0.043750
0 0.029687 0.623958 0.016406 0.045139
1 0.133398 0.626042 0.017578 0.045139
1 0.217578 0.628819 0.019531 0.040972
0 0.367188 0.688194 0.035937 0.079167
0 0.445703 0.687153 0.037500 0.071528
1 0.336719 0.638889 0.017188 0.034722
0 0.262109 0.638542 0.017188 0.034028
0 0.419141 0.653125 0.021875 0.047917
0 0.600586 0.640278 0.022266 0.054167
0 0.549805 0.657639 0.022266 0.050000
0 0.705664 0.684375 0.031641 0.084028
0 0.746289 0.679861 0.032422 0.063889
0 0.809375 0.723611 0.034375 0.090278
0 0.933594 0.823611 0.081250 0.194444
1 0.922852 0.569444 0.008203 0.022222
1 0.899609 0.592361 0.011719 0.034722
1 0.402344 0.616667 0.011719 0.029167
0 0.541406 0.582986 0.014063 0.029861
1 0.668945 0.585764 0.012891 0.028472
0 0.649805 0.621875 0.014453 0.036806
0 0.626172 0.616319 0.011719 0.031250
0 0.713477 0.600000 0.012891 0.034722
1 0.476758 0.574653 0.009766 0.024306
0 0.572852 0.583333 0.009766 0.027778
0 0.091016 0.633681 0.017969 0.039583
