1 0.246289 0.635764 0.016797 0.040972
1 0.328906 0.674306 0.037500 0.086111
0 0.495898 0.674653 0.028516 0.067361
0 0.425195 0.698611 0.034766 0.073611
0 0.395898 0.675347 0.023828 0.067361
0 0.897852 0.765972 0.038672 0.113889
0 0.954688 0.878472 0.082031 0.191667
0 0.702344 0.738542 0.035937 0.074306
0 0.826367 0.728125 0.030859 0.090972
0 0.746680 0.683681 0.025391 0.071528
0 0.776367 0.631944 0.014453 0.045833
0 0.605273 0.639931 0.020703 0.052083
0 0.561914 0.659028 0.020703 0.048611
0 0.651172 0.628125 0.015625 0.038194
