1 0.050977 0.632292 0.017578 0.049306
0 0.008789 0.624653 0.016797 0.043750
0 0.029687 0.636806 0.017969 0.045833
1 0.154297 0.631250 0.017188 0.044444
0 0.208789 0.632639 0.020703 0.045833
0 0.177930 0.642014 0.019922 0.042361
0 0.262695 0.639931 0.016797 0.038194
0 0.315430 0.646181 0.020703 0.049306
1 0.345313 0.606597 0.014063 0.028472
1 0.372266 0.612500 0.011719 0.031944
1 0.401172 0.617708 0.011719 0.027083
1 0.573633 0.581250 0.009766 0.025000
0 0.653711 0.596875 0.012891 0.032639
0 0.731641 0.593750 0.011719 0.026389
0 0.693164 0.611806 0.013672 0.030556
0 0.650781 0.634028 0.014844 0.033333
0 0.601562 0.651042 0.021875 0.053472
0 0.574414 0.629514 0.012109 0.034028
0 0.546875 0.669097 0.021094 0.047917
0 0.562891 0.607639 0.010937 0.031944
0 0.500391 0.678472 0.028906 0.062500
1 0.433203 0.671181 0.029687 0.064583
0 0.382617 0.672569 0.025391 0.059028
0 0.354492 0.690972 0.035547 0.080556
0 0.956641 0.791319 0.063281 0.185417
1 0.898438 0.718056 0.034375 0.093056
1 0.707812 0.688194 0.034375 0.090278
0 0.810547 0.725000 0.032813 0.090278
