1 0.127734 0.631597 0.017969 0.043750
1 0.046680 0.634375 0.016797 0.049306
0 0.009766 0.624306 0.016406 0.043056
1 0.244922 0.635069 0.017969 0.043750
0 0.309375 0.654167 0.024219 0.050000
0 0.375391 0.695486 0.033594 0.088194
0 0.423242 0.701736 0.036328 0.071528
1 0.456641 0.674306 0.027344 0.054167
0 0.498633 0.676389 0.026953 0.065278
1 0.432812 0.642708 0.018750 0.042361
0 0.559766 0.650694 0.022656 0.047222
0 0.700977 0.693403 0.031641 0.093750
1 0.653516 0.622222 0.010937 0.034722
1 0.820898 0.695833 0.035547 0.088889
1 0.901563 0.718056 0.039844 0.093056
0 0.749023 0.682292 0.024609 0.070139
0 0.592578 0.656250 0.027344 0.048611
1 0.573633 0.581250 0.012109 0.033333
0 0.343164 0.612500 0.017578 0.033333
1 0.375000 0.611458 0.014844 0.029861
1 0.930859 0.626042 0.017188 0.045139
0 0.922852 0.586458 0.010547 0.031250
