0 0.128320 0.635069 0.019141 0.042361
0 0.040625 0.643403 0.020313 0.043750
1 0.224219 0.624653 0.020313 0.042361
0 0.312695 0.646875 0.019922 0.052083
1 0.383398 0.688889 0.041016 0.080556
1 0.427539 0.671181 0.033203 0.071528
0 0.496289 0.669792 0.030078 0.068750
0 0.468359 0.667014 0.021094 0.060417
0 0.563672 0.650694 0.019531 0.051389
0 0.599609 0.644097 0.023438 0.052083
1 0.646094 0.621181 0.015625 0.032639
1 0.705078 0.692708 0.038281 0.089583
0 0.739648 0.693056 0.028516 0.072222
0 0.904492 0.721875 0.034766 0.097917
0 0.817969 0.729167 0.035937 0.087500
