0 0.046094 0.646181 0.021094 0.045139
0 0.019141 0.637500 0.021875 0.043056
0 0.128906 0.638194 0.019531 0.045833
1 0.217383 0.631250 0.017578 0.041667
0 0.358398 0.704167 0.037109 0.097222
1 0.434766 0.675347 0.028125 0.072917
1 0.504883 0.656597 0.028516 0.068750
1 0.373047 0.625000 0.017969 0.048611
0 0.562695 0.655903 0.019922 0.050694
0 0.600977 0.646528 0.022266 0.050000
0 0.711328 0.697917 0.032813 0.083333
0 0.821094 0.727778 0.035937 0.088889
0 0.900391 0.752083 0.035937 0.106944
1 0.891797 0.663194 0.017969 0.048611
0 0.270117 0.635764 0.018359 0.038194
0 0.307812 0.662500 0.021875 0.050000
0 0.950781 0.647917 0.018750 0.052778
0 0.968555 0.677778 0.020703 0.063889
0 0.650586 0.633333 0.012891 0.034722
