1 0.032813 0.629167 0.016406 0.034722
1 0.090430 0.635764 0.023047 0.040972
0 0.144141 0.652431 0.023438 0.046528
0 0.212500 0.623611 0.019531 0.047222
0 0.358203 0.698264 0.039844 0.093750
0 0.428711 0.673264 0.032422 0.072917
1 0.392383 0.667361 0.033984 0.059722
1 0.507812 0.644792 0.030469 0.056250
1 0.480469 0.638542 0.021875 0.045139
1 0.290430 0.622222 0.018359 0.030556
1 0.567773 0.644097 0.019141 0.042361
0 0.601367 0.635069 0.021484 0.052083
1 0.712109 0.679861 0.037500 0.084722
1 0.843164 0.662847 0.033203 0.068750
1 0.897656 0.722917 0.043750 0.093056
0 0.956250 0.651042 0.025781 0.059028
1 0.399023 0.607986 0.013672 0.025694
0 0.542383 0.577431 0.013672 0.028472
1 0.652344 0.617361 0.013281 0.031944
