1 0.128711 0.619097 0.019141 0.045139
0 0.047070 0.645139 0.025391 0.045833
0 0.017383 0.637500 0.021484 0.040278
0 0.217773 0.628125 0.019922 0.045139
0 0.312305 0.700000 0.044922 0.086111
1 0.428516 0.671528 0.034375 0.063889
0 0.499805 0.677083 0.029297 0.062500
0 0.606641 0.642014 0.020313 0.052083
1 0.651367 0.619097 0.013672 0.032639
0 0.714453 0.704514 0.031250 0.089583
0 0.748047 0.669792 0.025000 0.061806
0 0.825000 0.729861 0.037500 0.090278
0 0.959766 0.831944 0.070312 0.198611
0 0.900195 0.787153 0.043359 0.099306
0 0.960156 0.679514 0.021875 0.063194
0 0.773828 0.634028 0.015625 0.044444
1 0.372266 0.671181 0.027344 0.064583
0 0.166211 0.636111 0.020703 0.043056
0 0.857227 0.632986 0.015234 0.043750
1 0.573633 0.621875 0.014453 0.031250
