0 0.048047 0.642014 0.022656 0.056250
1 0.130078 0.635417 0.017969 0.043056
0 0.171680 0.635764 0.017578 0.043750
0 0.214062 0.637847 0.021094 0.045139
0 0.310352 0.708333 0.048047 0.087500
1 0.293359 0.629514 0.015625 0.034028
0 0.358398 0.685069 0.025391 0.070139
0 0.425391 0.694097 0.032031 0.077083
0 0.494727 0.686458 0.032422 0.063194
0 0.612305 0.650347 0.020703 0.049306
0 0.703711 0.746181 0.038672 0.079861
0 0.828125 0.732292 0.029687 0.085417
1 0.893555 0.725694 0.037109 0.102778
1 0.957617 0.794444 0.071484 0.193056
0 0.652930 0.629167 0.015234 0.034722
0 0.691992 0.617708 0.017578 0.034028
0 0.564453 0.621528 0.019531 0.040278
0 0.584766 0.603472 0.018750 0.034722
0 0.616602 0.592708 0.015234 0.032639
0 0.538281 0.593750 0.014844 0.030556
0 0.573438 0.585417 0.012500 0.030556
0 0.485156 0.601042 0.016406 0.027083
1 0.442188 0.582639 0.015625 0.027778
0 0.384766 0.624653 0.016406 0.029861
0 0.077930 0.633681 0.023828 0.047917
0 0.010742 0.626736 0.016797 0.046528
0 0.197070 0.630556 0.017578 0.047222
0 0.265625 0.648611 0.021094 0.044444
0 0.339258 0.626736 0.018359 0.035417
