0 0.149414 0.641667 0.022266 0.050000
0 0.310156 0.702778 0.041406 0.097222
1 0.336914 0.634028 0.012109 0.034722
1 0.313281 0.633681 0.017969 0.034028
1 0.430859 0.677083 0.029687 0.070833
0 0.501953 0.673611 0.028906 0.063889
0 0.604492 0.644097 0.021484 0.049306
0 0.893359 0.784375 0.038281 0.115972
0 0.951172 0.851736 0.075000 0.196528
0 0.706641 0.740625 0.034375 0.071528
0 0.826367 0.731250 0.032422 0.091667
0 0.566797 0.649306 0.021875 0.043056
0 0.743555 0.692014 0.030859 0.070139
0 0.782422 0.625000 0.020313 0.048611
0 0.825000 0.618056 0.016406 0.037500
0 0.812305 0.668403 0.023828 0.057639
0 0.858203 0.638194 0.018750 0.047222
1 0.904102 0.598264 0.016797 0.045139
0 0.839453 0.579861 0.013281 0.034722
1 0.924219 0.579514 0.013281 0.032639
1 0.699414 0.608333 0.016016 0.031944
1 0.713086 0.593403 0.014453 0.029861
0 0.640039 0.630556 0.019922 0.037500
1 0.626953 0.618750 0.014063 0.033333
1 0.654883 0.593403 0.016797 0.029861
0 0.366211 0.669097 0.036328 0.067361
0 0.388477 0.622569 0.016797 0.032639
1 0.221875 0.637153 0.025000 0.047917
1 0.199023 0.643750 0.021484 0.045833
0 0.070312 0.636111 0.025781 0.050000
0 0.048047 0.642708 0.025781 0.053472
0 0.016602 0.649306 0.023828 0.050000
0 0.470898 0.573264 0.015234 0.027083
0 0.510742 0.586458 0.015234 0.028472
0 0.536719 0.592708 0.016406 0.031250
0 0.563281 0.585764 0.014844 0.031250
0 0.485547 0.602083 0.014844 0.030556
0 0.453125 0.619792 0.021094 0.036806
0 0.615625 0.594444 0.017188 0.041667
0 0.583008 0.603125 0.016016 0.038194
0 0.681055 0.589931 0.012891 0.038194
