0 0.897266 0.770486 0.046875 0.115972
0 0.701953 0.746875 0.034375 0.092361
0 0.825391 0.727778 0.044531 0.100000
0 0.747461 0.686806 0.032422 0.083333
1 0.333984 0.679861 0.050781 0.108333
1 0.428125 0.705903 0.048438 0.086806
1 0.503125 0.677083 0.042969 0.079167
0 0.461328 0.676042 0.032813 0.070139
0 0.563672 0.660764 0.030469 0.053472
0 0.607031 0.647222 0.026562 0.058333
1 0.651563 0.626389 0.025000 0.040278
0 0.776367 0.632292 0.028516 0.054861
0 0.657617 0.596528 0.016797 0.030556
0 0.891992 0.577083 0.012891 0.040278
1 0.246289 0.636458 0.022266 0.039583
0 0.123047 0.641667 0.029687 0.050000
0 0.047461 0.651042 0.026953 0.057639
0 0.077930 0.638194 0.026953 0.052778
0 0.387891 0.622917 0.025000 0.040278
0 0.487305 0.604167 0.019141 0.031944
0 0.575195 0.584375 0.013672 0.035417
