0 0.010156 0.626736 0.018750 0.042361
0 0.047266 0.637847 0.021875 0.040972
0 0.067187 0.639236 0.016406 0.039583
1 0.084375 0.644792 0.019531 0.046528
1 0.134375 0.629167 0.024219 0.052778
0 0.124023 0.642708 0.019922 0.034028
0 0.174609 0.649306 0.025000 0.040278
1 0.191211 0.641667 0.018359 0.040278
0 0.206641 0.660417 0.029687 0.050000
0 0.236523 0.631944 0.022266 0.044444
0 0.259375 0.643403 0.021094 0.039583
0 0.288086 0.630556 0.022266 0.038889
0 0.289844 0.650347 0.021094 0.047917
0 0.311719 0.651042 0.022656 0.047917
0 0.333008 0.621181 0.013672 0.032639
1 0.342383 0.638542 0.017578 0.031250
0 0.315039 0.765625 0.051172 0.061806
0 0.355469 0.686458 0.035156 0.068750
0 0.379492 0.657986 0.021484 0.047917
1 0.387695 0.607292 0.018359 0.032639
1 0.425586 0.648611 0.027734 0.043056
0 0.422852 0.702083 0.039453 0.070833
0 0.452930 0.659028 0.030078 0.063889
0 0.499219 0.681944 0.039062 0.058333
0 0.407422 0.617708 0.012500 0.031250
0 0.419531 0.585069 0.017188 0.031250
0 0.420117 0.610764 0.019141 0.028472
0 0.436719 0.598958 0.017188 0.032639
0 0.447461 0.588542 0.018359 0.032639
0 0.451172 0.615625 0.021094 0.035417
0 0.467969 0.589583 0.014844 0.023611
0 0.494922 0.601389 0.023438 0.029167
0 0.507227 0.644097 0.030859 0.047917
0 0.577930 0.652083 0.023828 0.056944
0 0.600000 0.645833 0.025781 0.052778
0 0.560156 0.647917 0.021094 0.040278
0 0.540430 0.581250 0.013672 0.030556
0 0.532422 0.586111 0.009375 0.018056
0 0.564063 0.586458 0.014844 0.024306
0 0.584766 0.609375 0.013281 0.024306
0 0.558984 0.609028 0.011719 0.029167
0 0.607031 0.590972 0.014063 0.029167
0 0.613086 0.602778 0.012109 0.031944
0 0.625586 0.613542 0.011328 0.031250
0 0.638477 0.629167 0.017578 0.034722
0 0.653125 0.593056 0.017188 0.027778
0 0.641602 0.578819 0.013672 0.039583
0 0.634375 0.582292 0.014063 0.029861
0 0.668359 0.593750 0.015625 0.034722
0 0.698047 0.622917 0.016406 0.036111
0 0.678906 0.606944 0.014844 0.030556
0 0.690430 0.583333 0.012891 0.030556
0 0.699805 0.597569 0.012891 0.025694
0 0.707617 0.582986 0.015234 0.034028
0 0.715820 0.607639 0.012891 0.034722
0 0.725586 0.595833 0.016016 0.031944
0 0.735742 0.579167 0.013672 0.034722
0 0.707227 0.730208 0.048047 0.088194
0 0.708984 0.673611 0.028125 0.063889
0 0.748242 0.704861 0.030859 0.081944
0 0.774219 0.632292 0.017188 0.054861
0 0.791992 0.613542 0.015234 0.039583
0 0.794336 0.591667 0.018359 0.030556
0 0.803320 0.587153 0.010547 0.029861
0 0.812109 0.568056 0.018750 0.040278
0 0.838867 0.577083 0.017578 0.033333
0 0.826562 0.612153 0.014063 0.031250
0 0.829492 0.650694 0.021484 0.056944
0 0.841016 0.688889 0.031250 0.065278
0 0.820508 0.734028 0.035547 0.081944
0 0.866211 0.583333 0.014453 0.034722
0 0.852930 0.631597 0.018359 0.049306
0 0.869336 0.616319 0.016016 0.040972
0 0.891211 0.567014 0.011328 0.024306
0 0.891797 0.588889 0.012500 0.029167
1 0.916797 0.578472 0.017188 0.043056
1 0.902734 0.595486 0.018750 0.035417
1 0.896680 0.620139 0.013672 0.034722
0 0.937109 0.613889 0.017969 0.038889
1 0.947266 0.644444 0.020313 0.047222
0 0.912109 0.688194 0.027344 0.076389
0 0.897852 0.746875 0.030859 0.059028
0 0.919141 0.787500 0.037500 0.079167
0 0.969922 0.878472 0.054688 0.172222
1 0.991211 0.702083 0.017578 0.090278
0 0.965625 0.684028 0.024219 0.054167
