0 0.047852 0.655208 0.030078 0.059028
0 0.021875 0.643056 0.022656 0.048611
1 0.126953 0.641667 0.028125 0.047222
0 0.196680 0.660764 0.026172 0.039583
0 0.179102 0.644792 0.021484 0.049306
1 0.249609 0.638889 0.024219 0.051389
1 0.323047 0.682986 0.042188 0.100694
1 0.423438 0.709028 0.046875 0.080556
1 0.504687 0.679861 0.035156 0.073611
1 0.449219 0.676042 0.036719 0.059028
1 0.558398 0.660417 0.024609 0.050000
1 0.647852 0.638194 0.020703 0.038889
1 0.628125 0.619097 0.020313 0.038194
1 0.565820 0.608681 0.019141 0.036806
0 0.487500 0.604861 0.017969 0.038889
0 0.541992 0.595486 0.018359 0.035417
0 0.451172 0.597222 0.017969 0.029167
0 0.738477 0.560417 0.018359 0.033333
1 0.858984 0.637847 0.023438 0.049306
0 0.779102 0.648958 0.026172 0.052083
0 0.711719 0.579861 0.016406 0.029167
0 0.682227 0.600694 0.016016 0.038889
