0 0.824023 0.737500 0.047266 0.100000
0 0.749414 0.687153 0.030859 0.075694
0 0.778125 0.651042 0.024219 0.047917
0 0.925195 0.584722 0.018359 0.038889
1 0.904883 0.597917 0.016797 0.037500
1 0.367188 0.686111 0.038281 0.075000
0 0.430859 0.695486 0.041406 0.075694
1 0.463086 0.674306 0.032422 0.063889
0 0.510547 0.672569 0.039062 0.065972
1 0.566016 0.657639 0.029687 0.058333
1 0.601172 0.648611 0.034375 0.066667
1 0.640039 0.619444 0.018359 0.037500
0 0.561719 0.581250 0.017188 0.034722
0 0.541992 0.592708 0.017578 0.035417
0 0.491992 0.605208 0.022266 0.035417
1 0.442578 0.589236 0.013281 0.029861
0 0.415625 0.591667 0.016406 0.033333
1 0.286523 0.633333 0.017578 0.031944
1 0.137695 0.631944 0.019922 0.048611
1 0.217969 0.629167 0.021094 0.047222
0 0.261914 0.639931 0.022266 0.042361
0 0.048633 0.647222 0.026172 0.055556
0 0.024414 0.638194 0.021484 0.050000
0 0.515625 0.589583 0.021094 0.034722
0 0.702539 0.746528 0.038672 0.077778
0 0.946094 0.657639 0.019531 0.050000
0 0.867773 0.598958 0.016016 0.029861
0 0.886328 0.587153 0.012500 0.032639
0 0.733203 0.593056 0.016406 0.036111
1 0.697461 0.588542 0.015234 0.034028
1 0.617969 0.575347 0.015625 0.035417
1 0.673047 0.592014 0.014063 0.035417
0 0.468555 0.592361 0.016016 0.029167
0 0.383984 0.629167 0.016406 0.030556
0 0.341016 0.627083 0.014844 0.030556
0 0.410156 0.618403 0.013281 0.029861
