0 0.023828 0.638194 0.024219 0.050000
0 0.048047 0.657639 0.033594 0.050000
0 0.124805 0.643750 0.027734 0.051389
0 0.173437 0.645139 0.025000 0.048611
0 0.312500 0.712153 0.046875 0.088194
1 0.430664 0.696528 0.044922 0.081944
1 0.508594 0.671528 0.040625 0.079167
1 0.606445 0.650347 0.029297 0.056250
0 0.576953 0.649306 0.022656 0.045833
0 0.489844 0.605903 0.022656 0.032639
0 0.259570 0.640278 0.027734 0.045833
0 0.373437 0.652431 0.027344 0.050694
0 0.542969 0.586458 0.016406 0.034028
1 0.648242 0.632639 0.018359 0.040278
0 0.691992 0.620139 0.021484 0.033333
0 0.655664 0.592014 0.016797 0.031250
0 0.748633 0.679514 0.030078 0.072917
0 0.921094 0.584722 0.017188 0.033333
0 0.888477 0.581250 0.016016 0.036111
0 0.778711 0.651042 0.026172 0.045139
0 0.948828 0.650000 0.021875 0.059722
0 0.826172 0.725694 0.035937 0.118056
