0 0.045117 0.655556 0.026172 0.052778
0 0.018359 0.637500 0.020313 0.050000
0 0.006445 0.627778 0.012109 0.040278
0 0.078516 0.636806 0.023438 0.040278
1 0.131445 0.628472 0.018359 0.044444
0 0.153125 0.631250 0.014844 0.031944
0 0.158984 0.652431 0.024219 0.035417
0 0.182227 0.641319 0.020703 0.032639
0 0.206250 0.653819 0.027344 0.046528
1 0.231641 0.629861 0.024219 0.038889
1 0.262695 0.635417 0.026172 0.031944
1 0.309180 0.652083 0.018359 0.040278
0 0.294141 0.629514 0.019531 0.035417
0 0.329688 0.650000 0.019531 0.036111
0 0.328320 0.733333 0.048047 0.100000
0 0.431836 0.696528 0.044922 0.069444
0 0.350195 0.692708 0.030859 0.059028
0 0.339648 0.619792 0.019922 0.029861
0 0.357812 0.657986 0.033594 0.046528
0 0.386914 0.624306 0.021484 0.031944
0 0.377539 0.616667 0.016016 0.030556
0 0.408398 0.619792 0.016797 0.031250
0 0.413086 0.597222 0.014453 0.025000
0 0.442969 0.601736 0.013281 0.025694
0 0.444727 0.586111 0.012109 0.022222
0 0.454102 0.626042 0.018359 0.034028
1 0.434570 0.648611 0.024609 0.045833
0 0.511133 0.673958 0.041016 0.067361
0 0.464062 0.686458 0.032031 0.061806
0 0.557617 0.656250 0.023047 0.048611
0 0.594727 0.651389 0.029297 0.055556
1 0.543555 0.569792 0.015234 0.027083
1 0.571680 0.580903 0.012109 0.029861
0 0.583984 0.609722 0.018750 0.025000
0 0.544336 0.596528 0.013672 0.023611
0 0.470898 0.589236 0.012891 0.027083
0 0.486523 0.605903 0.019141 0.032639
0 0.495117 0.589236 0.012109 0.022917
0 0.511133 0.593403 0.013672 0.021528
0 0.613281 0.582639 0.017969 0.029167
0 0.615625 0.599306 0.014844 0.031944
0 0.623242 0.621528 0.012109 0.025000
0 0.644922 0.630208 0.017969 0.031250
0 0.693555 0.627083 0.016797 0.031944
0 0.698438 0.586458 0.013281 0.025694
0 0.714648 0.606944 0.012109 0.033333
0 0.731641 0.591667 0.013281 0.031944
0 0.710352 0.576389 0.013672 0.027778
0 0.738477 0.575694 0.016016 0.027778
0 0.679883 0.595833 0.019141 0.031944
1 0.652148 0.585417 0.016797 0.031944
0 0.632031 0.583681 0.012500 0.028472
0 0.928516 0.831250 0.075000 0.191667
0 0.704492 0.745139 0.046484 0.079167
0 0.749414 0.687153 0.033203 0.074306
0 0.826953 0.736111 0.039844 0.086111
0 0.926562 0.696181 0.032031 0.061806
0 0.946875 0.646875 0.025781 0.049306
0 0.894727 0.697222 0.033984 0.063889
0 0.846875 0.672222 0.022656 0.045833
0 0.974609 0.679514 0.021875 0.056250
0 0.859570 0.635417 0.023047 0.037500
0 0.772852 0.629167 0.016797 0.043056
0 0.791992 0.621181 0.016797 0.036806
0 0.805078 0.590278 0.020313 0.026389
0 0.808789 0.569444 0.018359 0.022222
0 0.840625 0.569792 0.023438 0.027083
0 0.867969 0.585069 0.017969 0.031250
0 0.886133 0.578819 0.013672 0.031250
0 0.920703 0.586111 0.014844 0.031944
0 0.903516 0.602778 0.010937 0.038889
