0 0.334570 0.702083 0.049609 0.098611
1 0.009570 0.625347 0.016016 0.034028
0 0.031641 0.627083 0.017188 0.045833
0 0.048242 0.655903 0.019922 0.042361
0 0.078125 0.638542 0.025781 0.045139
1 0.153516 0.634375 0.018750 0.042361
1 0.191602 0.624653 0.016797 0.032639
0 0.170313 0.639583 0.019531 0.043056
0 0.209766 0.648958 0.019531 0.043750
0 0.224609 0.660764 0.026562 0.046528
0 0.236719 0.626042 0.016406 0.029861
0 0.263281 0.640625 0.018750 0.039583
0 0.295117 0.666667 0.019141 0.051389
0 0.312109 0.657639 0.027344 0.048611
0 0.330664 0.639236 0.019141 0.038194
0 0.340039 0.619792 0.015234 0.029861
0 0.375195 0.644444 0.020703 0.043056
0 0.391797 0.627778 0.019531 0.033333
1 0.375391 0.614583 0.017969 0.026389
0 0.407813 0.612500 0.017188 0.029167
0 0.420898 0.592361 0.016797 0.031944
0 0.371289 0.696875 0.034766 0.068750
0 0.428711 0.697569 0.046484 0.072917
0 0.487305 0.669097 0.028516 0.046528
0 0.519336 0.675000 0.037109 0.055556
0 0.426563 0.656944 0.028906 0.048611
0 0.462305 0.597917 0.020703 0.044444
0 0.445117 0.593403 0.015234 0.034028
0 0.487891 0.607986 0.014844 0.038194
0 0.516602 0.591319 0.017578 0.028472
0 0.537305 0.586806 0.016016 0.031944
0 0.539258 0.600000 0.016016 0.027778
0 0.560937 0.581250 0.015625 0.030556
0 0.557422 0.661111 0.021875 0.044444
1 0.607227 0.635764 0.023828 0.046528
1 0.616602 0.595486 0.012109 0.027083
1 0.640430 0.586111 0.016016 0.031944
1 0.729688 0.593750 0.014063 0.033333
1 0.827734 0.618056 0.018750 0.031944
0 0.585156 0.604514 0.015625 0.038194
0 0.628906 0.627431 0.016406 0.032639
0 0.648242 0.636111 0.018359 0.033333
0 0.668750 0.590972 0.011719 0.030556
0 0.653320 0.595833 0.016797 0.034722
0 0.677734 0.596181 0.017188 0.034028
0 0.694141 0.612847 0.015625 0.040972
0 0.711523 0.605208 0.017578 0.039583
0 0.698633 0.584028 0.012109 0.026389
0 0.737695 0.577431 0.016016 0.022917
1 0.810352 0.564236 0.011328 0.028472
0 0.700391 0.718056 0.051562 0.102778
0 0.751367 0.703125 0.030859 0.070139
0 0.814648 0.709722 0.037891 0.087500
0 0.845703 0.675347 0.020313 0.053472
0 0.856445 0.640278 0.016016 0.040278
0 0.776172 0.634722 0.023438 0.045833
1 0.790820 0.621875 0.015234 0.038194
0 0.866211 0.580903 0.017578 0.038194
0 0.888867 0.586806 0.011328 0.023611
0 0.917773 0.588889 0.016016 0.026389
0 0.933203 0.614931 0.018750 0.027083
0 0.946875 0.653125 0.029687 0.063194
0 0.969141 0.685764 0.025000 0.061806
0 0.899805 0.797917 0.066797 0.090278
0 0.914453 0.740625 0.037500 0.071528
0 0.927148 0.703472 0.038672 0.052778
0 0.902930 0.692361 0.029297 0.048611
0 0.906641 0.657639 0.035156 0.058333
0 0.902930 0.625000 0.021484 0.038889
0 0.838281 0.588889 0.017969 0.031944
0 0.592773 0.644097 0.016797 0.031250
