0 0.010547 0.629167 0.016406 0.041667
0 0.018750 0.651042 0.020313 0.042361
0 0.086328 0.652778 0.035937 0.051389
0 0.145703 0.639931 0.020313 0.038194
0 0.164453 0.652431 0.022656 0.043750
0 0.185352 0.639931 0.017578 0.032639
0 0.233594 0.646181 0.021094 0.046528
0 0.262500 0.639583 0.021094 0.041667
0 0.301367 0.704514 0.047266 0.095139
0 0.283594 0.632639 0.017969 0.037500
0 0.331445 0.646875 0.020703 0.043750
0 0.338867 0.612153 0.021484 0.039583
0 0.422461 0.635764 0.028516 0.052083
0 0.398242 0.619097 0.015234 0.031250
0 0.353711 0.694097 0.031641 0.068750
0 0.430078 0.708681 0.035156 0.072917
0 0.419727 0.596528 0.016016 0.026389
0 0.458984 0.623264 0.016406 0.032639
0 0.449219 0.611111 0.014063 0.029167
0 0.447070 0.588542 0.012891 0.022917
0 0.470508 0.593056 0.012109 0.027778
0 0.475781 0.579861 0.010937 0.025000
0 0.492383 0.604861 0.012891 0.033333
0 0.552930 0.541667 0.019141 0.030556
0 0.637109 0.558681 0.018750 0.032639
0 0.598633 0.655208 0.023828 0.047917
0 0.577539 0.647222 0.019922 0.055556
0 0.512109 0.679514 0.033594 0.057639
0 0.529492 0.589931 0.012891 0.028472
0 0.507227 0.593750 0.018359 0.023611
0 0.558984 0.623958 0.018750 0.042361
0 0.672266 0.597222 0.018750 0.034722
0 0.686133 0.583333 0.012109 0.031944
0 0.697852 0.585069 0.012109 0.028472
0 0.711133 0.599306 0.014453 0.034722
0 0.714258 0.580903 0.016016 0.031250
0 0.695898 0.723958 0.050391 0.085417
0 0.730664 0.594097 0.012891 0.034028
0 0.741602 0.576389 0.012891 0.029167
0 0.800977 0.595139 0.013672 0.031944
0 0.811328 0.617014 0.012500 0.034028
0 0.827734 0.614931 0.011719 0.027083
0 0.807422 0.576736 0.012500 0.022917
0 0.832031 0.583333 0.012500 0.027778
0 0.848047 0.562500 0.019531 0.033333
0 0.867969 0.577431 0.014063 0.039583
0 0.857031 0.635069 0.018750 0.050694
0 0.775391 0.630903 0.020313 0.046528
0 0.751367 0.716667 0.033984 0.077778
0 0.825391 0.664236 0.035937 0.054861
0 0.824023 0.732292 0.041016 0.084028
0 0.909961 0.720833 0.044141 0.105556
0 0.898047 0.565625 0.015625 0.029861
0 0.908984 0.582986 0.014844 0.031250
0 0.896875 0.588542 0.014063 0.027083
0 0.897070 0.608333 0.011328 0.031944
0 0.932617 0.613194 0.018359 0.043056
0 0.947461 0.644792 0.019141 0.047917
0 0.905078 0.652778 0.027344 0.050000
0 0.920117 0.862500 0.068359 0.131944
1 0.126562 0.635069 0.025781 0.053472
1 0.209570 0.647917 0.021484 0.047222
1 0.376758 0.646528 0.024609 0.050000
1 0.373242 0.617361 0.018359 0.027778
1 0.382617 0.602083 0.019141 0.034722
1 0.613672 0.576389 0.013281 0.031944
1 0.617188 0.593056 0.013281 0.027778
1 0.700195 0.606944 0.011328 0.029167
