0 0.013867 0.654167 0.019922 0.043056
0 0.031836 0.629514 0.017578 0.045139
0 0.051562 0.650694 0.020313 0.054167
0 0.074609 0.637847 0.027344 0.039583
0 0.110742 0.644444 0.022266 0.048611
0 0.126953 0.628472 0.018750 0.034722
0 0.145313 0.629514 0.019531 0.040972
0 0.170703 0.638194 0.022656 0.050000
0 0.204102 0.651042 0.023828 0.040972
0 0.222070 0.633681 0.015234 0.034028
0 0.239453 0.629167 0.022656 0.045833
0 0.260937 0.637847 0.018750 0.046528
0 0.295703 0.580903 0.019531 0.053472
0 0.314844 0.760069 0.053125 0.059028
0 0.386133 0.664236 0.023047 0.075694
0 0.427344 0.692361 0.036719 0.073611
0 0.330859 0.649306 0.017188 0.036111
0 0.336719 0.624306 0.017188 0.034722
0 0.369531 0.625347 0.016406 0.031250
0 0.402344 0.628819 0.017969 0.038194
0 0.418945 0.621875 0.016797 0.031250
0 0.400977 0.600694 0.017578 0.031944
0 0.418164 0.591667 0.013672 0.030556
0 0.437109 0.596528 0.014844 0.033333
0 0.458789 0.614583 0.019141 0.030556
0 0.448242 0.650000 0.033203 0.047222
0 0.467578 0.698611 0.035156 0.058333
0 0.503711 0.668750 0.030078 0.048611
0 0.479883 0.639931 0.018359 0.039583
0 0.488477 0.600694 0.015234 0.030556
0 0.475000 0.599653 0.016406 0.027083
0 0.469531 0.582986 0.013281 0.021528
0 0.450195 0.584375 0.014453 0.031250
0 0.550000 0.647569 0.020313 0.052083
0 0.585156 0.652778 0.018750 0.050000
0 0.543750 0.590972 0.015625 0.036111
0 0.573242 0.580556 0.012109 0.031944
0 0.551953 0.584722 0.011719 0.022222
0 0.583008 0.605903 0.012109 0.024306
0 0.613086 0.602431 0.014453 0.027083
0 0.623437 0.618056 0.015625 0.033333
0 0.637305 0.579514 0.013672 0.031250
0 0.661328 0.560764 0.016406 0.032639
0 0.646680 0.597569 0.015234 0.036806
0 0.657422 0.625694 0.023438 0.044444
0 0.668555 0.592708 0.012109 0.028472
0 0.680078 0.596875 0.016406 0.031250
0 0.695312 0.589236 0.014844 0.031250
0 0.691797 0.625694 0.020313 0.029167
0 0.717773 0.597917 0.015234 0.033333
1 0.727344 0.585764 0.010156 0.024306
0 0.734961 0.576389 0.013672 0.023611
0 0.774414 0.631944 0.019141 0.050000
0 0.601172 0.648264 0.019531 0.039583
0 0.731445 0.701042 0.037109 0.070139
0 0.712891 0.680903 0.021875 0.057639
0 0.759180 0.704514 0.026172 0.063194
0 0.824609 0.705903 0.032031 0.082639
0 0.898633 0.772569 0.041797 0.103472
0 0.979297 0.699653 0.034375 0.077083
0 0.913477 0.698264 0.028516 0.067361
0 0.878320 0.729514 0.033984 0.065972
0 0.846094 0.663542 0.023438 0.040972
0 0.901367 0.581944 0.028516 0.055556
0 0.955664 0.660417 0.026172 0.056944
0 0.937305 0.614931 0.016016 0.036806
0 0.855469 0.634722 0.021094 0.037500
0 0.826172 0.620833 0.017969 0.029167
0 0.793555 0.609028 0.017578 0.036111
0 0.806055 0.592361 0.013672 0.030556
0 0.811914 0.568750 0.012891 0.027778
0 0.844336 0.583681 0.012891 0.032639
0 0.867383 0.582986 0.018359 0.034028
0 0.863086 0.607986 0.018359 0.043750
0 0.830078 0.595486 0.018750 0.031250
