0 0.010937 0.628819 0.017969 0.045139
0 0.046484 0.638542 0.020313 0.050694
1 0.080859 0.638889 0.019531 0.052778
1 0.094922 0.617014 0.019531 0.038194
1 0.132617 0.627431 0.020703 0.050694
0 0.067773 0.640625 0.019922 0.043750
0 0.121875 0.643750 0.017188 0.040278
0 0.172852 0.647222 0.018359 0.043056
1 0.194531 0.647222 0.019531 0.048611
0 0.206445 0.659028 0.029297 0.041667
0 0.234961 0.633681 0.019141 0.043750
0 0.266992 0.637153 0.016797 0.038194
0 0.310937 0.651736 0.024219 0.045139
0 0.291016 0.654167 0.019531 0.043056
0 0.288086 0.628472 0.022266 0.033333
0 0.246094 0.622569 0.016406 0.034028
0 0.332227 0.623264 0.015234 0.031250
1 0.342383 0.638542 0.012891 0.031250
0 0.353125 0.687500 0.032031 0.068056
0 0.313672 0.763889 0.049219 0.062500
0 0.425391 0.703819 0.044531 0.077083
0 0.453320 0.665972 0.026953 0.054167
0 0.497461 0.680208 0.030859 0.059028
0 0.509375 0.642014 0.025000 0.053472
0 0.470508 0.640625 0.019922 0.042361
0 0.449609 0.620486 0.019531 0.028472
0 0.378711 0.654167 0.024609 0.043056
0 0.406641 0.619444 0.014844 0.030556
0 0.410938 0.592708 0.014063 0.028472
0 0.419531 0.609722 0.014844 0.031944
0 0.435352 0.596528 0.012109 0.031944
0 0.448437 0.587500 0.014844 0.027778
0 0.467187 0.587847 0.012500 0.024306
0 0.492578 0.600347 0.018750 0.032639
0 0.508398 0.593750 0.017578 0.025000
0 0.530859 0.585069 0.013281 0.022917
0 0.540234 0.583333 0.016406 0.034722
0 0.563867 0.587500 0.014453 0.031944
0 0.580273 0.661458 0.030078 0.060417
0 0.556250 0.652431 0.021094 0.045139
0 0.602930 0.647222 0.023828 0.055556
0 0.586328 0.607639 0.019531 0.031944
1 0.387500 0.610764 0.018750 0.039583
1 0.425391 0.644444 0.026562 0.050000
0 0.606641 0.590625 0.012500 0.027083
0 0.614062 0.604167 0.016406 0.034722
0 0.639648 0.630903 0.015234 0.035417
0 0.641602 0.578125 0.012891 0.035417
0 0.632422 0.581250 0.010937 0.030556
1 0.631055 0.610417 0.010547 0.027778
1 0.650977 0.594792 0.015234 0.034028
0 0.667969 0.594792 0.014844 0.031250
0 0.656055 0.623611 0.014453 0.031944
0 0.697070 0.622569 0.017578 0.035417
0 0.679883 0.608333 0.012891 0.030556
0 0.690234 0.579861 0.011719 0.027778
1 0.700391 0.598611 0.013281 0.023611
0 0.707031 0.580208 0.015625 0.028472
0 0.715625 0.608333 0.017188 0.036111
0 0.725977 0.594444 0.013672 0.030556
0 0.735547 0.580903 0.017188 0.034028
0 0.707227 0.726389 0.042578 0.086111
0 0.710156 0.682639 0.032031 0.058333
0 0.749609 0.707292 0.041406 0.061806
0 0.818164 0.729861 0.042578 0.087500
0 0.773047 0.630208 0.017188 0.047917
0 0.792773 0.614931 0.016016 0.042361
1 0.796680 0.594444 0.016016 0.038889
1 0.824219 0.616319 0.017188 0.031250
1 0.903906 0.595833 0.013281 0.034722
1 0.990039 0.702778 0.019922 0.084722
0 0.810742 0.569097 0.015234 0.031250
0 0.837695 0.578472 0.014453 0.033333
0 0.865625 0.587153 0.016406 0.029861
0 0.838477 0.610417 0.016797 0.033333
0 0.854297 0.633681 0.021875 0.042361
0 0.851758 0.664236 0.019141 0.046528
0 0.834766 0.684722 0.025781 0.056944
0 0.891211 0.567708 0.012891 0.021528
0 0.891992 0.590278 0.013672 0.034722
0 0.894922 0.623958 0.016406 0.034028
0 0.919531 0.581250 0.013281 0.033333
0 0.937695 0.615625 0.019141 0.036806
0 0.898438 0.671528 0.020313 0.051389
0 0.909180 0.694444 0.027734 0.066667
0 0.897852 0.745833 0.034766 0.063889
0 0.921484 0.796875 0.043750 0.088194
0 0.934375 0.650694 0.016406 0.038889
0 0.954883 0.651042 0.026953 0.054861
0 0.952930 0.677431 0.030859 0.056250
0 0.971680 0.883681 0.056641 0.185417
0 0.830859 0.651042 0.027344 0.052083
