0 0.018555 0.661111 0.021484 0.041667
0 0.047852 0.654167 0.026172 0.044444
0 0.112695 0.630208 0.021484 0.049306
0 0.131445 0.628819 0.023828 0.050694
0 0.150586 0.637500 0.019141 0.040278
0 0.167578 0.643750 0.023438 0.051389
0 0.190820 0.645486 0.019922 0.045139
0 0.211133 0.637153 0.026172 0.050694
0 0.240820 0.621875 0.019141 0.027083
0 0.265625 0.637500 0.018750 0.038889
0 0.289844 0.657292 0.015625 0.039583
0 0.309766 0.638194 0.018750 0.033333
0 0.318945 0.692361 0.045703 0.097222
0 0.354883 0.676736 0.035547 0.079861
1 0.337695 0.639583 0.016797 0.033333
0 0.378711 0.654167 0.022266 0.044444
0 0.410547 0.710069 0.042969 0.074306
0 0.422656 0.648611 0.024219 0.045833
0 0.456836 0.687500 0.029297 0.055556
0 0.503516 0.679514 0.033594 0.063194
0 0.509961 0.652431 0.029297 0.057639
0 0.461523 0.654167 0.028516 0.044444
0 0.556445 0.655208 0.027734 0.049306
1 0.585742 0.655903 0.023828 0.054861
1 0.603320 0.635069 0.023047 0.053472
0 0.700586 0.721528 0.044922 0.079167
0 0.722266 0.664931 0.031250 0.063194
0 0.752148 0.711806 0.033984 0.062500
0 0.818750 0.728472 0.035156 0.097222
0 0.947656 0.840278 0.060937 0.183333
0 0.902930 0.806250 0.043359 0.095833
0 0.911133 0.719444 0.033984 0.079167
0 0.890234 0.666667 0.018750 0.056944
0 0.949023 0.660764 0.026953 0.054861
0 0.961523 0.678819 0.026172 0.064583
0 0.932813 0.651389 0.020313 0.040278
0 0.935156 0.617014 0.020313 0.039583
0 0.921875 0.582639 0.014844 0.030556
1 0.902930 0.601042 0.018359 0.036806
0 0.892969 0.616319 0.013281 0.028472
0 0.855078 0.638194 0.017188 0.043056
0 0.826758 0.619792 0.012109 0.029861
0 0.776172 0.633333 0.018750 0.043056
0 0.795898 0.616667 0.016797 0.036111
0 0.792383 0.595139 0.016797 0.031944
0 0.804492 0.589931 0.016016 0.032639
0 0.810547 0.565972 0.010937 0.029167
0 0.839258 0.568750 0.016016 0.030556
1 0.830078 0.598264 0.012500 0.025694
0 0.845117 0.591667 0.013672 0.026389
1 0.851758 0.606250 0.012891 0.020833
0 0.863672 0.585069 0.016406 0.031250
0 0.882812 0.581944 0.013281 0.030556
0 0.890430 0.571875 0.012891 0.029861
0 0.736523 0.580208 0.017578 0.032639
0 0.730664 0.594097 0.014453 0.032639
0 0.710742 0.582639 0.017578 0.029167
0 0.711719 0.603125 0.019531 0.031250
0 0.694922 0.622569 0.014063 0.038194
1 0.698633 0.592361 0.013672 0.030556
0 0.679297 0.596875 0.014063 0.029861
0 0.682617 0.579861 0.012109 0.025000
0 0.660156 0.580208 0.015625 0.027083
1 0.652344 0.596181 0.014063 0.032639
0 0.647070 0.640278 0.019141 0.037500
0 0.621289 0.630208 0.015234 0.028472
0 0.644336 0.583333 0.012109 0.027778
0 0.635156 0.581250 0.015625 0.025000
0 0.613867 0.595833 0.013672 0.027778
0 0.584766 0.604167 0.017188 0.030556
0 0.564063 0.580903 0.014063 0.031250
0 0.544922 0.580903 0.015625 0.032639
0 0.494727 0.603819 0.020703 0.025694
1 0.426953 0.608681 0.019531 0.032639
1 0.388281 0.623958 0.019531 0.027083
1 0.406641 0.619792 0.015625 0.025694
1 0.414062 0.595139 0.014063 0.026389
1 0.453906 0.621875 0.023438 0.034028
1 0.438086 0.594444 0.014453 0.029167
1 0.449023 0.587500 0.017578 0.029167
1 0.470508 0.591667 0.013672 0.026389
