0 0.021875 0.637500 0.024219 0.044444
0 0.045117 0.647222 0.023047 0.052778
0 0.070508 0.640972 0.021484 0.036111
0 0.124805 0.636806 0.020703 0.044444
1 0.146875 0.618403 0.018750 0.046528
0 0.173633 0.639931 0.022266 0.046528
1 0.214844 0.632986 0.026562 0.052083
0 0.193945 0.659028 0.021484 0.037500
0 0.239844 0.628472 0.017969 0.043056
0 0.260156 0.638194 0.021094 0.037500
0 0.288867 0.654861 0.016797 0.037500
1 0.330469 0.672222 0.041406 0.090278
0 0.309570 0.651736 0.017578 0.047917
0 0.370312 0.679861 0.033594 0.066667
1 0.455273 0.683681 0.025391 0.063194
0 0.430469 0.646875 0.022656 0.039583
0 0.511523 0.676736 0.032422 0.065972
0 0.449805 0.620833 0.016797 0.031944
0 0.379297 0.616667 0.016406 0.034722
0 0.341602 0.620139 0.013672 0.025000
0 0.409570 0.611458 0.011328 0.024306
0 0.438086 0.588194 0.017578 0.030556
0 0.462695 0.603125 0.015234 0.038194
0 0.480078 0.604861 0.014844 0.026389
0 0.508008 0.596181 0.014453 0.017361
0 0.485742 0.588542 0.014453 0.022917
0 0.475391 0.580556 0.012500 0.025000
0 0.542188 0.589236 0.015625 0.031250
0 0.561523 0.621875 0.020703 0.039583
0 0.552734 0.658681 0.025781 0.046528
1 0.581445 0.657292 0.024609 0.047917
0 0.601758 0.645833 0.021484 0.051389
1 0.641016 0.618403 0.015625 0.036806
0 0.615625 0.621181 0.012500 0.027083
0 0.613867 0.602083 0.013672 0.027778
0 0.569727 0.582292 0.012891 0.027083
0 0.582617 0.609722 0.014453 0.030556
0 0.641602 0.586458 0.015234 0.028472
0 0.653320 0.596528 0.012891 0.029167
0 0.667773 0.593403 0.012109 0.031250
0 0.676758 0.601389 0.016016 0.030556
0 0.685352 0.579514 0.014453 0.034028
0 0.711328 0.572222 0.014063 0.029167
0 0.733789 0.572222 0.013672 0.029167
0 0.734180 0.598264 0.013672 0.022917
0 0.711914 0.604861 0.016797 0.030556
0 0.700977 0.610764 0.018359 0.034028
0 0.821289 0.573958 0.012891 0.032639
0 0.840820 0.575347 0.016016 0.034028
0 0.866211 0.586458 0.016797 0.028472
0 0.889258 0.574306 0.016797 0.034722
0 0.896680 0.590972 0.012891 0.027778
0 0.906836 0.602431 0.013672 0.036806
0 0.925000 0.588194 0.013281 0.034722
0 0.931445 0.621181 0.016797 0.038194
1 0.895898 0.618403 0.014453 0.031250
0 0.857812 0.636111 0.017188 0.038889
0 0.826367 0.622222 0.017578 0.033333
0 0.794922 0.617361 0.017188 0.041667
0 0.771484 0.640972 0.022656 0.038889
0 0.759180 0.707986 0.030859 0.063194
0 0.716406 0.718403 0.039062 0.074306
0 0.835352 0.718750 0.044922 0.088889
1 0.908789 0.803472 0.082422 0.150000
0 0.900000 0.677431 0.026562 0.052083
0 0.955664 0.659028 0.027734 0.044444
