0 0.010547 0.624306 0.016406 0.047222
0 0.018945 0.639583 0.020703 0.038889
0 0.048438 0.653472 0.024219 0.047222
0 0.062891 0.638542 0.023438 0.034028
0 0.109180 0.622917 0.016016 0.045833
0 0.133594 0.640625 0.023438 0.050694
0 0.151758 0.640972 0.019922 0.050000
0 0.193359 0.650000 0.020313 0.048611
0 0.188867 0.633681 0.014453 0.028472
1 0.212891 0.634722 0.018750 0.055556
0 0.234961 0.628472 0.019141 0.043056
0 0.244141 0.624306 0.013281 0.033333
0 0.265039 0.642708 0.019922 0.040972
0 0.287305 0.657986 0.023047 0.040972
0 0.320703 0.698611 0.040625 0.086111
1 0.320508 0.630903 0.019922 0.034028
0 0.340430 0.616667 0.022266 0.031944
0 0.375781 0.670833 0.026562 0.072222
0 0.445898 0.681597 0.036328 0.071528
1 0.391211 0.642708 0.023828 0.046528
0 0.376367 0.615972 0.018359 0.034722
0 0.407031 0.614931 0.014063 0.036806
0 0.423633 0.618056 0.010547 0.030556
1 0.433008 0.634375 0.023047 0.039583
0 0.418359 0.590278 0.014844 0.030556
0 0.440430 0.598958 0.014453 0.028472
0 0.447656 0.585764 0.015625 0.028472
1 0.464062 0.613194 0.014844 0.031944
1 0.465430 0.652431 0.021484 0.046528
1 0.506836 0.658681 0.028516 0.061806
1 0.528711 0.646528 0.023047 0.043056
0 0.468164 0.590278 0.012891 0.027778
1 0.478711 0.577083 0.010547 0.023611
0 0.493945 0.601042 0.015234 0.032639
0 0.510547 0.589583 0.011719 0.023611
0 0.530078 0.584722 0.010937 0.029167
0 0.539062 0.584375 0.013281 0.028472
0 0.564648 0.586458 0.010547 0.027083
0 0.565039 0.623611 0.019922 0.033333
0 0.560156 0.655208 0.017969 0.036806
0 0.604102 0.645139 0.019922 0.051389
1 0.580859 0.654861 0.022656 0.050000
0 0.584375 0.604861 0.011719 0.033333
0 0.606055 0.583681 0.014453 0.032639
0 0.617773 0.600694 0.011328 0.029167
0 0.626953 0.618750 0.014063 0.030556
0 0.646484 0.632639 0.014063 0.033333
0 0.652539 0.597222 0.012891 0.027778
0 0.643359 0.586111 0.013281 0.031944
0 0.633398 0.582986 0.016016 0.029861
0 0.668555 0.593056 0.012109 0.029167
0 0.676172 0.598611 0.014063 0.026389
0 0.686523 0.586806 0.012109 0.031944
0 0.699219 0.589931 0.010937 0.025694
0 0.711914 0.581597 0.013672 0.027083
0 0.730859 0.590625 0.013281 0.036806
0 0.707812 0.605556 0.017188 0.027778
0 0.694531 0.622569 0.015625 0.031250
0 0.703906 0.720833 0.040625 0.083333
0 0.821094 0.712847 0.034375 0.084028
0 0.966211 0.888542 0.067578 0.150694
0 0.906445 0.805208 0.048828 0.114583
0 0.911914 0.728819 0.033203 0.079861
0 0.968750 0.692014 0.030469 0.056250
0 0.946875 0.660069 0.019531 0.053472
0 0.892969 0.676389 0.021094 0.055556
0 0.906836 0.656944 0.022266 0.055556
0 0.932227 0.659722 0.019141 0.048611
0 0.934961 0.617014 0.018359 0.036806
0 0.897266 0.619444 0.015625 0.027778
0 0.847266 0.662153 0.018750 0.049306
0 0.749023 0.713194 0.027734 0.069444
1 0.716602 0.671181 0.026953 0.059028
0 0.775195 0.634028 0.022266 0.047222
0 0.797070 0.621875 0.012891 0.035417
0 0.811133 0.565625 0.016016 0.031250
0 0.797461 0.594792 0.014453 0.027083
0 0.827344 0.619097 0.014844 0.035417
0 0.905078 0.590972 0.014844 0.029167
0 0.919141 0.587153 0.010156 0.029861
0 0.894336 0.570139 0.011328 0.027778
0 0.898438 0.587847 0.008594 0.025694
0 0.856836 0.638542 0.017578 0.039583
0 0.865625 0.605556 0.011719 0.027778
0 0.867188 0.587500 0.016406 0.034722
