0 0.008984 0.628125 0.015625 0.047917
0 0.021094 0.637847 0.020313 0.040972
0 0.046484 0.653472 0.024219 0.047222
0 0.066797 0.633681 0.024219 0.043750
0 0.108789 0.628472 0.020703 0.048611
1 0.126562 0.626389 0.021094 0.048611
0 0.150000 0.642361 0.015625 0.041667
0 0.168555 0.652083 0.022266 0.044444
0 0.186719 0.644792 0.019531 0.034028
0 0.208789 0.645833 0.023828 0.047222
0 0.233008 0.632292 0.016797 0.035417
0 0.265234 0.636111 0.019531 0.036111
0 0.286914 0.651042 0.016797 0.034028
0 0.311719 0.704514 0.042188 0.093750
0 0.337695 0.618750 0.019141 0.031944
0 0.374219 0.619097 0.019531 0.031250
1 0.395508 0.612153 0.014453 0.035417
0 0.379688 0.656597 0.017969 0.040972
0 0.401367 0.680208 0.024609 0.060417
0 0.412109 0.718056 0.046875 0.063889
1 0.422852 0.644792 0.022266 0.047917
1 0.414062 0.594792 0.013281 0.020139
0 0.435547 0.596875 0.014063 0.028472
0 0.447461 0.587153 0.009766 0.025694
0 0.467969 0.585764 0.012500 0.031250
0 0.480273 0.604167 0.018359 0.030556
0 0.458984 0.653472 0.025000 0.040278
0 0.468359 0.685069 0.021875 0.053472
0 0.502930 0.681597 0.030078 0.059028
1 0.571875 0.661458 0.021875 0.047917
0 0.600000 0.649306 0.025781 0.043056
0 0.541992 0.591667 0.014453 0.029167
0 0.555078 0.628819 0.016406 0.029861
0 0.561914 0.607639 0.012109 0.030556
1 0.571484 0.584722 0.011719 0.026389
0 0.587305 0.606597 0.013672 0.029861
0 0.616211 0.596181 0.011328 0.031250
0 0.629492 0.615625 0.013672 0.028472
0 0.652148 0.634375 0.016016 0.029861
0 0.640430 0.582986 0.012891 0.029861
0 0.651172 0.594444 0.014844 0.033333
0 0.675195 0.603472 0.015234 0.030556
0 0.689648 0.589931 0.012109 0.022917
0 0.694336 0.621528 0.015234 0.027778
0 0.709375 0.603125 0.014844 0.031250
0 0.731250 0.597222 0.015625 0.026389
0 0.702148 0.719097 0.043359 0.081250
0 0.749609 0.702778 0.025781 0.062500
0 0.822852 0.719444 0.038672 0.086111
0 0.909180 0.779167 0.043359 0.076389
0 0.915430 0.717708 0.038672 0.079861
0 0.828906 0.672569 0.029687 0.063194
0 0.883398 0.684722 0.026953 0.058333
0 0.909180 0.661806 0.023828 0.041667
0 0.950781 0.649653 0.020313 0.050694
0 0.971289 0.691667 0.024609 0.047222
0 0.937500 0.613542 0.014844 0.029861
0 0.937695 0.646528 0.019922 0.036111
0 0.896875 0.622222 0.017188 0.030556
1 0.900781 0.589931 0.014844 0.032639
0 0.919336 0.582292 0.012109 0.024306
0 0.892578 0.571528 0.011719 0.034722
0 0.863867 0.578125 0.016797 0.028472
0 0.855078 0.639236 0.015625 0.038194
0 0.826953 0.620833 0.017969 0.030556
0 0.775000 0.635417 0.020313 0.045833
0 0.793555 0.620833 0.018359 0.036111
0 0.810937 0.591319 0.014844 0.029861
0 0.808008 0.570139 0.017578 0.030556
