0 0.008594 0.632639 0.016406 0.045833
0 0.047852 0.659375 0.026172 0.052083
0 0.075977 0.638542 0.019922 0.046528
0 0.119727 0.653472 0.025391 0.048611
0 0.128711 0.628125 0.019922 0.045139
0 0.150195 0.642014 0.019141 0.039583
0 0.173047 0.645833 0.025000 0.043056
0 0.204102 0.646875 0.020703 0.039583
1 0.194336 0.623611 0.013672 0.031944
1 0.233789 0.642014 0.021484 0.047917
0 0.316016 0.709375 0.048438 0.088194
0 0.256055 0.641667 0.019922 0.034722
0 0.275391 0.637500 0.018750 0.031944
0 0.290039 0.646528 0.018359 0.031944
0 0.306836 0.634028 0.014453 0.034722
0 0.384180 0.676736 0.029297 0.061806
0 0.317188 0.639931 0.019531 0.032639
0 0.333203 0.620486 0.017969 0.036806
0 0.375977 0.620139 0.014453 0.029167
0 0.389844 0.618750 0.015625 0.037500
0 0.422852 0.701389 0.036328 0.073611
0 0.415820 0.651736 0.023828 0.045139
0 0.421484 0.620486 0.021094 0.035417
0 0.447656 0.624653 0.014844 0.035417
0 0.460547 0.675347 0.027344 0.054861
0 0.504687 0.663542 0.032031 0.057639
0 0.544531 0.668403 0.024219 0.047917
0 0.582031 0.661458 0.021875 0.049306
0 0.601172 0.652083 0.021875 0.050000
0 0.440039 0.596181 0.018359 0.025694
0 0.467383 0.587847 0.012891 0.027083
0 0.488086 0.602083 0.019922 0.031944
0 0.514258 0.592361 0.012109 0.025000
0 0.539844 0.587500 0.014844 0.031944
0 0.554297 0.620139 0.013281 0.029167
0 0.570312 0.629167 0.015625 0.034722
1 0.573047 0.582986 0.009375 0.025694
0 0.586328 0.602778 0.014844 0.031944
0 0.612695 0.574653 0.015234 0.024306
0 0.613672 0.602083 0.014063 0.025000
0 0.627930 0.616667 0.013672 0.025000
0 0.642188 0.633681 0.016406 0.035417
1 0.643359 0.580556 0.014063 0.031944
1 0.655273 0.593056 0.013672 0.029167
0 0.658203 0.620486 0.018750 0.035417
0 0.670898 0.589931 0.011328 0.028472
0 0.681055 0.595139 0.014453 0.029167
1 0.701562 0.587153 0.011719 0.024306
0 0.694727 0.622569 0.016016 0.031250
0 0.710352 0.608333 0.013672 0.026389
1 0.714063 0.582292 0.012500 0.029861
1 0.732812 0.595486 0.011719 0.028472
0 0.739453 0.576389 0.016406 0.029167
0 0.703125 0.718403 0.040625 0.084028
0 0.752930 0.706944 0.033984 0.059722
0 0.831445 0.696528 0.036328 0.088889
1 0.925586 0.820833 0.064453 0.155556
1 0.989453 0.696528 0.021094 0.072222
0 0.909375 0.704167 0.024219 0.065278
0 0.884180 0.683681 0.025391 0.059028
0 0.857617 0.678819 0.021484 0.054861
0 0.778125 0.634722 0.020313 0.044444
0 0.793359 0.609028 0.017188 0.038889
0 0.809375 0.589236 0.014063 0.034028
0 0.812891 0.564931 0.010156 0.028472
0 0.827344 0.619792 0.015625 0.036806
0 0.832422 0.596528 0.016406 0.030556
0 0.841211 0.558681 0.012109 0.029861
0 0.847461 0.590972 0.015234 0.030556
0 0.859766 0.635764 0.020313 0.031250
0 0.895898 0.618403 0.016797 0.028472
1 0.903516 0.594792 0.014844 0.034028
0 0.893164 0.575000 0.013672 0.030556
0 0.922852 0.584375 0.012891 0.025694
0 0.934180 0.617361 0.015234 0.030556
0 0.949023 0.644792 0.021484 0.053472
0 0.965820 0.696875 0.021484 0.045139
