0 0.008398 0.629861 0.013672 0.040278
0 0.022070 0.638889 0.019141 0.041667
0 0.045703 0.652083 0.026562 0.059722
0 0.079687 0.630556 0.021875 0.048611
1 0.133008 0.643056 0.019922 0.043056
0 0.151367 0.637847 0.017578 0.038194
0 0.170313 0.647569 0.017969 0.045139
0 0.196680 0.669097 0.022266 0.054861
0 0.212695 0.642708 0.023828 0.047917
0 0.235156 0.637153 0.024219 0.040972
0 0.262305 0.635764 0.018359 0.040972
0 0.321094 0.690972 0.035937 0.073611
1 0.350195 0.675000 0.027734 0.063889
0 0.337891 0.616667 0.017188 0.033333
0 0.376367 0.635069 0.022266 0.049306
0 0.426563 0.707639 0.039844 0.072222
1 0.421680 0.654167 0.023828 0.044444
0 0.459961 0.685417 0.031641 0.052778
1 0.453711 0.652083 0.022266 0.040278
1 0.485352 0.647222 0.019141 0.041667
1 0.424609 0.589236 0.014844 0.024306
1 0.448828 0.595833 0.014844 0.022222
1 0.579688 0.662153 0.026562 0.052083
0 0.513477 0.680208 0.030859 0.056250
0 0.487109 0.603819 0.015625 0.031250
0 0.468359 0.590972 0.014844 0.026389
0 0.422070 0.617708 0.017578 0.031250
0 0.402344 0.625694 0.013281 0.027778
0 0.312305 0.632639 0.019141 0.031944
0 0.599805 0.645833 0.023828 0.045833
0 0.542383 0.584375 0.013672 0.032639
1 0.573633 0.582292 0.012109 0.029861
0 0.582422 0.609722 0.012500 0.027778
0 0.555273 0.617708 0.019141 0.027083
0 0.612305 0.605208 0.013672 0.029861
0 0.642188 0.587153 0.014844 0.038194
0 0.623828 0.620833 0.014063 0.026389
0 0.647656 0.626042 0.019531 0.036806
0 0.652734 0.598611 0.017969 0.029167
0 0.669922 0.586806 0.012500 0.034722
0 0.674609 0.605208 0.014844 0.025694
0 0.697266 0.609028 0.011719 0.025000
0 0.690820 0.581944 0.012891 0.027778
0 0.714453 0.609028 0.014063 0.029167
0 0.733398 0.598264 0.012891 0.028472
0 0.696484 0.733333 0.046094 0.084722
0 0.713867 0.665972 0.037891 0.061111
0 0.756055 0.711111 0.033203 0.051389
0 0.776172 0.634722 0.021094 0.043056
0 0.796875 0.613542 0.014063 0.034028
0 0.802539 0.587153 0.012109 0.029861
0 0.828125 0.621875 0.012500 0.029861
0 0.818164 0.726736 0.033203 0.085417
0 0.916797 0.773264 0.050000 0.090972
0 0.951758 0.649306 0.027734 0.055556
1 0.934766 0.625000 0.019531 0.040278
0 0.897461 0.623958 0.017578 0.031250
0 0.856055 0.640972 0.020703 0.044444
0 0.889258 0.580208 0.012109 0.032639
0 0.904687 0.601042 0.017188 0.035417
0 0.841797 0.579167 0.014844 0.036111
0 0.987109 0.720486 0.025000 0.079861
