0 0.007617 0.625347 0.012891 0.040972
0 0.021680 0.632986 0.023047 0.038194
0 0.047461 0.658681 0.024609 0.035417
0 0.075977 0.636806 0.026953 0.044444
1 0.132031 0.644444 0.017969 0.041667
0 0.166992 0.648264 0.023047 0.043750
1 0.200000 0.650347 0.018750 0.043750
1 0.228516 0.636806 0.017188 0.040278
0 0.264062 0.635764 0.017188 0.038194
0 0.321094 0.701042 0.042969 0.088194
0 0.340430 0.626736 0.018359 0.027083
0 0.371875 0.655903 0.025781 0.046528
0 0.387305 0.617708 0.015234 0.024306
0 0.413477 0.643750 0.024609 0.051389
0 0.423828 0.709722 0.036719 0.065278
0 0.458203 0.677778 0.032031 0.054167
0 0.505273 0.663889 0.032422 0.063889
0 0.449219 0.631250 0.017969 0.031944
0 0.440039 0.595139 0.012109 0.026389
0 0.456250 0.609028 0.017188 0.034722
0 0.482812 0.603472 0.017188 0.027778
0 0.554297 0.658333 0.022656 0.047222
1 0.584375 0.660069 0.021094 0.049306
0 0.606055 0.649306 0.025391 0.058333
1 0.556445 0.618403 0.016016 0.031250
0 0.541602 0.589931 0.013672 0.027083
0 0.573242 0.580556 0.013672 0.026389
0 0.583008 0.609028 0.014453 0.029167
0 0.645312 0.620833 0.021094 0.036111
0 0.622852 0.624306 0.011328 0.026389
0 0.612695 0.603819 0.016016 0.029861
0 0.641797 0.580556 0.014063 0.031944
0 0.669727 0.593056 0.012891 0.031944
0 0.679883 0.600347 0.012109 0.031250
0 0.686328 0.572917 0.012500 0.030556
0 0.696484 0.610764 0.014063 0.034028
0 0.710547 0.600347 0.014063 0.034028
0 0.733398 0.599653 0.013672 0.022917
0 0.712500 0.741667 0.032031 0.069444
0 0.753125 0.707639 0.029687 0.054167
0 0.822070 0.708681 0.040234 0.095139
0 0.919141 0.780903 0.042969 0.093750
0 0.915430 0.711111 0.033203 0.073611
0 0.968945 0.690972 0.025391 0.059722
0 0.949609 0.648958 0.027344 0.050694
0 0.899023 0.669792 0.024609 0.047917
0 0.854883 0.686806 0.025391 0.044444
0 0.854688 0.643403 0.017969 0.038194
0 0.825781 0.617708 0.017188 0.036806
0 0.778711 0.634028 0.019141 0.040278
0 0.799219 0.602083 0.014063 0.030556
0 0.810937 0.572222 0.014063 0.031944
0 0.834375 0.580208 0.012500 0.031250
0 0.868359 0.587847 0.015625 0.031250
0 0.891602 0.588542 0.012891 0.028472
0 0.903906 0.600000 0.012500 0.036111
0 0.897266 0.622569 0.012500 0.034028
0 0.911328 0.573958 0.010156 0.027083
