0 0.011328 0.627431 0.020313 0.042361
0 0.051367 0.647917 0.024609 0.052778
0 0.081250 0.635764 0.024219 0.045139
0 0.128125 0.651389 0.027344 0.044444
0 0.135156 0.620139 0.015625 0.040278
0 0.152930 0.635764 0.022266 0.038194
0 0.186914 0.637153 0.016016 0.031250
0 0.207813 0.645486 0.021094 0.042361
1 0.237695 0.639583 0.020703 0.041667
0 0.263086 0.639931 0.020703 0.038194
0 0.290039 0.631250 0.020703 0.033333
0 0.300977 0.721181 0.048047 0.085417
0 0.310742 0.661458 0.027734 0.049306
0 0.350195 0.685069 0.032422 0.077083
0 0.342187 0.613889 0.017969 0.038889
0 0.374609 0.648958 0.023438 0.049306
0 0.417578 0.707292 0.033594 0.072917
0 0.404492 0.653472 0.021484 0.043056
0 0.452539 0.667708 0.030078 0.060417
1 0.515820 0.659028 0.031641 0.061111
0 0.547461 0.664931 0.022266 0.046528
0 0.584961 0.662500 0.023047 0.047222
0 0.603320 0.652431 0.020703 0.042361
1 0.562695 0.619097 0.016016 0.035417
0 0.543945 0.588542 0.013672 0.029861
0 0.534375 0.584722 0.012500 0.025000
0 0.484180 0.607639 0.018359 0.030556
0 0.469531 0.591667 0.012500 0.027778
0 0.435156 0.600694 0.011719 0.022222
0 0.447266 0.622569 0.016406 0.028472
0 0.420312 0.623611 0.012500 0.029167
0 0.374805 0.600347 0.017578 0.024306
1 0.425977 0.592014 0.013672 0.027083
1 0.570898 0.582292 0.009766 0.025694
0 0.584766 0.602083 0.017188 0.036111
0 0.606836 0.590278 0.016797 0.029167
0 0.617188 0.601736 0.010937 0.029861
0 0.626172 0.604861 0.011719 0.025000
0 0.640430 0.630903 0.017578 0.038194
0 0.633789 0.578472 0.013672 0.031944
1 0.648633 0.589583 0.016016 0.029167
0 0.678125 0.597917 0.016406 0.031944
0 0.685547 0.575347 0.015625 0.034028
0 0.695312 0.613194 0.014063 0.033333
0 0.714453 0.603125 0.014063 0.029861
0 0.733008 0.598611 0.014453 0.020833
0 0.708008 0.731944 0.030078 0.083333
0 0.760938 0.715972 0.024219 0.069444
0 0.778516 0.636111 0.019531 0.045833
0 0.799023 0.600347 0.014453 0.032639
0 0.812695 0.571528 0.015234 0.033333
0 0.827539 0.617361 0.016797 0.038889
0 0.840039 0.576389 0.013672 0.034722
0 0.856836 0.632986 0.018359 0.046528
0 0.830273 0.711458 0.037891 0.088194
0 0.901367 0.677778 0.022266 0.059722
0 0.909375 0.871528 0.067969 0.175000
0 0.951758 0.654514 0.030078 0.056250
0 0.932617 0.639236 0.014453 0.042361
0 0.904297 0.598264 0.016406 0.036806
0 0.920508 0.583681 0.011328 0.032639
0 0.887695 0.575000 0.012891 0.029167
0 0.895312 0.587153 0.013281 0.031250
0 0.876563 0.630903 0.017188 0.034028
