0 0.007422 0.630208 0.014063 0.038194
0 0.020313 0.642708 0.021094 0.036806
0 0.049609 0.647569 0.023438 0.049306
0 0.072461 0.640972 0.022266 0.045833
0 0.124023 0.636806 0.019922 0.034722
1 0.150781 0.640625 0.025000 0.046528
0 0.213477 0.649306 0.021484 0.045833
0 0.237109 0.629861 0.017188 0.036111
0 0.263086 0.639931 0.017578 0.036806
0 0.287695 0.632639 0.021484 0.034722
0 0.300000 0.654167 0.025781 0.045833
0 0.320117 0.698264 0.044141 0.086806
0 0.340625 0.626736 0.016406 0.034028
1 0.371484 0.647222 0.022656 0.050000
1 0.402734 0.676736 0.031250 0.056250
0 0.457031 0.701736 0.033594 0.063194
0 0.386328 0.623611 0.014063 0.031944
0 0.410938 0.613542 0.011719 0.029861
0 0.423438 0.618750 0.013281 0.033333
0 0.432227 0.597569 0.014453 0.031250
0 0.444531 0.587847 0.012500 0.025694
0 0.458203 0.589931 0.011719 0.021528
0 0.459375 0.614236 0.013281 0.027083
0 0.484375 0.608333 0.016406 0.023611
1 0.523242 0.655556 0.024609 0.059722
0 0.505078 0.656944 0.025000 0.056944
0 0.549805 0.667361 0.020703 0.051389
0 0.578320 0.672917 0.023047 0.056944
0 0.601367 0.648958 0.019141 0.050694
0 0.561719 0.623958 0.017188 0.039583
1 0.541016 0.589236 0.012500 0.025694
1 0.565039 0.576389 0.012891 0.025000
0 0.581250 0.606250 0.017188 0.031944
0 0.613672 0.601736 0.017188 0.027083
0 0.639844 0.635764 0.019531 0.034028
0 0.643164 0.584375 0.016797 0.031250
0 0.654687 0.598611 0.013281 0.036111
0 0.668555 0.599306 0.012109 0.027778
0 0.677930 0.597917 0.015234 0.033333
0 0.697656 0.612847 0.015625 0.038194
0 0.686523 0.577083 0.012891 0.030556
0 0.700195 0.586806 0.013672 0.029167
0 0.714063 0.603819 0.014063 0.029861
1 0.729297 0.587847 0.014844 0.029861
0 0.709570 0.743056 0.038672 0.073611
0 0.755469 0.704861 0.034375 0.058333
0 0.816406 0.688194 0.036719 0.080556
0 0.915039 0.723264 0.041797 0.063194
0 0.863867 0.691319 0.019922 0.053472
0 0.902539 0.684722 0.025391 0.052778
0 0.856641 0.645486 0.017969 0.035417
0 0.891992 0.623958 0.014453 0.032639
0 0.904883 0.600347 0.013672 0.035417
0 0.892188 0.591667 0.014063 0.030556
1 0.917578 0.577431 0.010937 0.031250
0 0.931250 0.628819 0.018750 0.034028
0 0.868750 0.602083 0.016406 0.034722
0 0.834180 0.594792 0.016797 0.034028
0 0.813477 0.595486 0.012891 0.025694
0 0.777734 0.643403 0.021875 0.047917
