0 0.010156 0.628125 0.017969 0.038194
0 0.047461 0.648611 0.023047 0.050000
0 0.096484 0.639931 0.021094 0.039583
1 0.129102 0.639583 0.021484 0.044444
0 0.165430 0.651042 0.021484 0.038194
0 0.196875 0.653125 0.017188 0.038194
0 0.212305 0.644792 0.022266 0.047917
0 0.235547 0.633681 0.017188 0.042361
0 0.261914 0.642361 0.018359 0.037500
0 0.284961 0.665278 0.015234 0.036111
0 0.324414 0.698958 0.043359 0.086806
0 0.334180 0.628125 0.017578 0.031250
0 0.373242 0.686458 0.031641 0.070139
0 0.385547 0.626042 0.015625 0.029861
1 0.421680 0.608333 0.016797 0.030556
0 0.417187 0.653819 0.020313 0.043750
0 0.427539 0.693056 0.034766 0.073611
0 0.434180 0.597222 0.018359 0.027778
0 0.446680 0.625000 0.018359 0.034722
0 0.457617 0.599306 0.014453 0.030556
0 0.448437 0.585764 0.013281 0.028472
0 0.467187 0.590278 0.010937 0.022222
0 0.481445 0.601736 0.017578 0.032639
0 0.514453 0.668750 0.030469 0.058333
0 0.552344 0.668750 0.021875 0.047222
0 0.578516 0.667708 0.025000 0.047917
0 0.601367 0.655208 0.021484 0.043750
0 0.540625 0.592708 0.013281 0.029861
0 0.507227 0.596875 0.015234 0.018750
0 0.571484 0.584375 0.014844 0.028472
0 0.563477 0.624653 0.016016 0.035417
0 0.584570 0.610417 0.016016 0.031944
1 0.606641 0.581250 0.015625 0.026389
0 0.612891 0.611458 0.014063 0.029861
0 0.625781 0.613194 0.013281 0.030556
0 0.641016 0.628125 0.014844 0.031250
0 0.640820 0.580903 0.015234 0.031250
0 0.652930 0.598264 0.014453 0.028472
0 0.677344 0.599306 0.014844 0.033333
0 0.685547 0.579861 0.010156 0.026389
0 0.698828 0.586458 0.011719 0.025694
0 0.696680 0.610069 0.015234 0.034028
0 0.714063 0.602778 0.013281 0.030556
0 0.730469 0.588194 0.016406 0.027778
0 0.713477 0.736111 0.033984 0.076389
0 0.753125 0.703819 0.029687 0.057639
0 0.819922 0.690972 0.037500 0.086111
0 0.918164 0.717361 0.036328 0.081944
0 0.893164 0.684375 0.022266 0.054861
0 0.954297 0.665278 0.019531 0.048611
0 0.967187 0.689236 0.026562 0.056250
0 0.938477 0.653125 0.016016 0.043750
0 0.939063 0.620139 0.017969 0.034722
0 0.918945 0.584028 0.014453 0.033333
0 0.888867 0.574653 0.013672 0.028472
0 0.902930 0.602778 0.015234 0.034722
0 0.895703 0.626736 0.013281 0.032639
0 0.857227 0.643750 0.019141 0.040278
0 0.825781 0.624306 0.019531 0.038889
0 0.776758 0.634375 0.020703 0.040972
0 0.794727 0.616319 0.012109 0.031250
0 0.811133 0.593403 0.012109 0.031250
1 0.814648 0.564931 0.014453 0.032639
1 0.838477 0.568403 0.014453 0.031250
1 0.864258 0.578472 0.016016 0.033333
0 0.913477 0.804514 0.044141 0.099306
