0 0.018945 0.636111 0.023047 0.040278
0 0.045703 0.651389 0.025000 0.051389
0 0.074414 0.639236 0.021484 0.039583
1 0.139063 0.623611 0.019531 0.043056
0 0.124023 0.638889 0.016016 0.036111
0 0.172852 0.637153 0.016797 0.039583
0 0.195898 0.650694 0.017578 0.043056
1 0.212109 0.635069 0.018750 0.040972
1 0.241602 0.624653 0.013672 0.034028
0 0.231250 0.628472 0.014063 0.033333
0 0.262500 0.640625 0.019531 0.034028
0 0.289648 0.653125 0.016797 0.032639
0 0.310742 0.652778 0.018359 0.045833
1 0.326562 0.679514 0.035156 0.081250
0 0.370312 0.679861 0.031250 0.065278
0 0.341406 0.621181 0.014063 0.029861
0 0.384766 0.625694 0.017969 0.030556
0 0.409375 0.612847 0.014844 0.027083
0 0.428906 0.648611 0.019531 0.047222
0 0.446289 0.703819 0.030859 0.067361
0 0.437695 0.589583 0.015234 0.027778
0 0.456836 0.608333 0.015234 0.027778
0 0.448242 0.626736 0.015234 0.031250
0 0.463867 0.674306 0.023828 0.054167
0 0.511719 0.679861 0.027344 0.056944
0 0.479492 0.605556 0.017578 0.027778
0 0.508008 0.597222 0.017578 0.026389
0 0.541406 0.594097 0.015625 0.029861
0 0.562109 0.621528 0.017188 0.033333
0 0.554492 0.656250 0.024609 0.047222
1 0.582812 0.656250 0.021094 0.048611
0 0.601367 0.647569 0.023047 0.054861
0 0.567383 0.586111 0.016797 0.030556
0 0.584180 0.609722 0.016797 0.031944
0 0.613867 0.601736 0.014453 0.031250
0 0.613477 0.620486 0.015234 0.028472
0 0.641016 0.619444 0.016406 0.027778
1 0.641992 0.579514 0.014453 0.029861
0 0.658984 0.575347 0.014844 0.027083
0 0.653906 0.595833 0.014063 0.026389
0 0.666797 0.594444 0.011719 0.031944
0 0.678125 0.600347 0.011719 0.032639
0 0.685742 0.577083 0.012891 0.025000
0 0.695898 0.605208 0.015234 0.035417
0 0.711523 0.607292 0.015234 0.034028
0 0.711523 0.574653 0.012109 0.027083
0 0.732227 0.591667 0.014453 0.029167
0 0.776953 0.634375 0.016406 0.043750
0 0.714258 0.719097 0.037109 0.081250
0 0.758789 0.709028 0.027734 0.059722
0 0.834375 0.723611 0.034375 0.083333
1 0.914648 0.795833 0.073828 0.166667
0 0.857031 0.677778 0.022656 0.045833
0 0.816406 0.593403 0.010937 0.028472
0 0.821680 0.572222 0.012109 0.031944
0 0.795703 0.618750 0.014844 0.034722
0 0.834180 0.607639 0.016016 0.034722
0 0.825781 0.621528 0.014844 0.037500
0 0.838281 0.573958 0.014063 0.029861
0 0.866211 0.589236 0.016797 0.034028
0 0.859375 0.634028 0.017969 0.033333
1 0.896680 0.621528 0.016797 0.031944
0 0.888477 0.573264 0.012109 0.032639
0 0.897266 0.588889 0.012500 0.033333
0 0.906250 0.597222 0.012500 0.029167
0 0.925000 0.587500 0.013281 0.027778
0 0.933203 0.625694 0.014844 0.033333
0 0.938281 0.650347 0.017188 0.036806
0 0.901367 0.683681 0.026172 0.050694
