0 0.007227 0.626042 0.013672 0.043750
0 0.022266 0.638542 0.019531 0.045139
0 0.040820 0.661111 0.024609 0.048611
0 0.061523 0.632292 0.023828 0.040972
0 0.078711 0.659028 0.023047 0.034722
0 0.130664 0.636806 0.020703 0.050000
0 0.155078 0.629861 0.019531 0.038889
0 0.170898 0.655556 0.019141 0.037500
0 0.207031 0.654167 0.032813 0.044444
0 0.200391 0.624653 0.025000 0.045139
0 0.222656 0.637847 0.014063 0.035417
0 0.235352 0.631250 0.018359 0.041667
0 0.261914 0.638542 0.019922 0.036806
0 0.279492 0.638889 0.015234 0.030556
0 0.288672 0.658333 0.017188 0.036111
0 0.300781 0.673611 0.023438 0.044444
0 0.312500 0.637153 0.021094 0.040972
0 0.335938 0.629167 0.018750 0.030556
0 0.335742 0.712847 0.043359 0.095139
0 0.369727 0.704861 0.032422 0.062500
0 0.425781 0.708681 0.038281 0.064583
0 0.379297 0.645833 0.019531 0.037500
0 0.421484 0.620139 0.016406 0.031944
1 0.440820 0.639236 0.020703 0.045139
0 0.460352 0.684028 0.019141 0.054167
0 0.521484 0.676736 0.031250 0.059028
0 0.433789 0.595833 0.016016 0.027778
0 0.443164 0.579861 0.013672 0.033333
0 0.455273 0.609722 0.020703 0.030556
0 0.468750 0.590278 0.014063 0.026389
0 0.482227 0.606597 0.016797 0.032639
0 0.491797 0.592014 0.014063 0.028472
0 0.506641 0.596181 0.014063 0.021528
0 0.535156 0.573958 0.010156 0.024306
0 0.540820 0.580556 0.012891 0.030556
1 0.564648 0.622569 0.013672 0.028472
0 0.545312 0.669792 0.025781 0.046528
1 0.579883 0.650000 0.026172 0.051389
0 0.614062 0.644792 0.025000 0.045139
0 0.571875 0.583681 0.014063 0.027083
0 0.607812 0.586458 0.017969 0.031250
0 0.585156 0.607986 0.017969 0.028472
0 0.639648 0.589236 0.012891 0.029861
0 0.657031 0.577431 0.014063 0.022917
0 0.674219 0.594444 0.016406 0.025000
0 0.684961 0.576042 0.011328 0.029861
0 0.695703 0.611111 0.014063 0.031944
0 0.712305 0.599306 0.017578 0.031944
0 0.732812 0.593403 0.016406 0.028472
0 0.653125 0.625000 0.020313 0.036111
0 0.625391 0.616667 0.016406 0.031944
0 0.722656 0.714583 0.042188 0.079167
0 0.752734 0.715625 0.028125 0.056250
0 0.824219 0.722222 0.032813 0.083333
0 0.776172 0.635417 0.021094 0.047222
0 0.792773 0.602778 0.015234 0.036111
0 0.790820 0.622222 0.015234 0.031944
0 0.804688 0.585069 0.014063 0.031250
1 0.812695 0.568403 0.014453 0.032639
0 0.831641 0.603125 0.013281 0.031250
0 0.825195 0.628472 0.016797 0.033333
0 0.852539 0.640278 0.016797 0.037500
0 0.860352 0.681944 0.021484 0.051389
0 0.864258 0.620139 0.013672 0.040278
0 0.839453 0.579167 0.010937 0.030556
0 0.888867 0.576042 0.013672 0.031250
0 0.897852 0.591667 0.012891 0.037500
1 0.905664 0.599306 0.010547 0.034722
0 0.898438 0.619444 0.014063 0.031944
0 0.917188 0.579861 0.012500 0.025000
0 0.935547 0.610069 0.015625 0.035417
0 0.938867 0.648264 0.016797 0.042361
0 0.955469 0.657986 0.021875 0.056250
0 0.967578 0.706250 0.036719 0.088889
0 0.916797 0.799306 0.040625 0.094444
0 0.919531 0.706597 0.033594 0.082639
0 0.902148 0.688194 0.023047 0.051389
