0 0.007617 0.628125 0.014453 0.040972
0 0.020898 0.643403 0.019922 0.043750
0 0.053906 0.639583 0.021875 0.040278
0 0.081250 0.638889 0.023438 0.036111
0 0.130859 0.653819 0.026562 0.035417
0 0.148438 0.639583 0.017188 0.037500
0 0.168359 0.645139 0.022656 0.045833
1 0.224023 0.632986 0.025391 0.042361
0 0.260547 0.637500 0.017188 0.031944
0 0.291992 0.632639 0.019922 0.034722
0 0.310352 0.652778 0.022266 0.047222
1 0.332031 0.684722 0.038281 0.073611
1 0.443750 0.678819 0.028906 0.063194
1 0.430273 0.636806 0.020703 0.043056
1 0.425586 0.606250 0.014453 0.031944
0 0.289648 0.660069 0.019141 0.036806
0 0.335156 0.627431 0.015625 0.027083
0 0.372266 0.710417 0.031250 0.068056
0 0.376172 0.655208 0.020313 0.046528
0 0.385937 0.624306 0.014063 0.030556
0 0.402930 0.594792 0.016016 0.027083
0 0.413672 0.613542 0.012500 0.028472
0 0.437305 0.597569 0.012109 0.029861
0 0.450586 0.582292 0.015234 0.028472
0 0.452344 0.606944 0.014844 0.025000
0 0.466992 0.589236 0.013672 0.027083
0 0.482617 0.606597 0.017578 0.031250
0 0.492969 0.590625 0.014063 0.024306
0 0.513477 0.591667 0.014453 0.022222
0 0.532422 0.578819 0.011719 0.025694
0 0.539648 0.593056 0.016016 0.025000
0 0.568750 0.586806 0.012500 0.027778
1 0.559570 0.620486 0.017578 0.027083
0 0.513086 0.654167 0.020703 0.056944
0 0.528516 0.674653 0.025000 0.057639
0 0.552344 0.662500 0.021875 0.050000
0 0.580273 0.662847 0.019922 0.057639
0 0.606836 0.648611 0.019922 0.047222
0 0.582617 0.611111 0.019141 0.029167
0 0.607227 0.602431 0.013672 0.027083
0 0.636133 0.585417 0.015234 0.030556
0 0.621484 0.620139 0.013281 0.030556
0 0.642188 0.626389 0.017188 0.031944
0 0.656055 0.597917 0.013672 0.033333
0 0.676953 0.597222 0.013281 0.029167
0 0.685937 0.580903 0.012500 0.031250
0 0.695703 0.610417 0.017969 0.037500
0 0.713672 0.594097 0.016406 0.038194
0 0.730859 0.587847 0.017969 0.029861
1 0.811914 0.564236 0.012109 0.027083
0 0.830078 0.593056 0.015625 0.029167
0 0.795508 0.611458 0.013672 0.039583
0 0.825586 0.625694 0.016016 0.030556
0 0.856055 0.645833 0.019922 0.043056
0 0.868359 0.600347 0.016406 0.035417
0 0.887695 0.575000 0.012109 0.030556
0 0.903320 0.602431 0.016016 0.035417
0 0.917969 0.582292 0.012500 0.028472
1 0.934375 0.609722 0.017188 0.030556
0 0.937695 0.645139 0.014453 0.041667
0 0.954492 0.654167 0.017578 0.048611
0 0.974023 0.682639 0.021484 0.052778
0 0.916797 0.709722 0.032031 0.079167
0 0.829688 0.710069 0.038281 0.088194
0 0.752930 0.714931 0.034766 0.070139
0 0.716797 0.739236 0.041406 0.077083
0 0.915234 0.799653 0.050000 0.100694
0 0.888477 0.920139 0.087109 0.144444
