0 0.006250 0.623958 0.010937 0.039583
0 0.021484 0.638194 0.017969 0.040278
1 0.055078 0.637500 0.019531 0.047222
1 0.135547 0.634028 0.019531 0.040278
0 0.154102 0.623958 0.016797 0.036806
0 0.169336 0.645139 0.016016 0.040278
0 0.191016 0.655556 0.017969 0.036111
1 0.223242 0.632986 0.020703 0.042361
0 0.261523 0.638889 0.018359 0.037500
0 0.289844 0.634375 0.014844 0.039583
0 0.303125 0.663194 0.022656 0.048611
0 0.327148 0.647569 0.022266 0.036806
0 0.356836 0.714931 0.036328 0.082639
0 0.422461 0.708333 0.038672 0.065278
1 0.389258 0.625000 0.019141 0.043056
1 0.416992 0.645139 0.021484 0.043056
1 0.457813 0.646181 0.023438 0.045139
0 0.459180 0.679861 0.023828 0.050000
0 0.525000 0.659028 0.027344 0.055556
0 0.501367 0.669444 0.025391 0.051389
0 0.554883 0.656250 0.024609 0.047222
1 0.583984 0.657639 0.020313 0.051389
0 0.608203 0.653472 0.021094 0.051389
0 0.710156 0.715278 0.042969 0.081944
0 0.754687 0.705903 0.031250 0.056250
0 0.827539 0.721528 0.039453 0.081944
0 0.930078 0.804167 0.067969 0.156944
1 0.896094 0.665625 0.026562 0.050694
0 0.956641 0.655556 0.021094 0.047222
0 0.913867 0.610417 0.018359 0.030556
0 0.897266 0.618403 0.012500 0.029861
1 0.902734 0.594792 0.012500 0.025694
0 0.918555 0.581250 0.011328 0.026389
0 0.890039 0.573264 0.016016 0.031250
0 0.839844 0.576389 0.011719 0.025000
1 0.811719 0.564931 0.014063 0.028472
0 0.803906 0.593056 0.013281 0.025000
0 0.793359 0.604514 0.017188 0.034028
0 0.777539 0.635764 0.022266 0.049306
1 0.822656 0.615972 0.012500 0.034722
1 0.858008 0.628125 0.019922 0.042361
0 0.853711 0.677431 0.019922 0.049306
0 0.737695 0.571181 0.018359 0.035417
0 0.642188 0.630208 0.017188 0.036806
0 0.625195 0.628125 0.015234 0.031250
0 0.615234 0.598264 0.017969 0.032639
0 0.534375 0.578472 0.012500 0.026389
0 0.542969 0.593403 0.014063 0.029861
0 0.582617 0.612847 0.016797 0.028472
0 0.638672 0.584375 0.014844 0.032639
0 0.686719 0.576736 0.014063 0.025694
0 0.711914 0.604167 0.014453 0.034722
0 0.695898 0.609028 0.016797 0.030556
0 0.678906 0.597917 0.012500 0.026389
0 0.668164 0.597222 0.014453 0.033333
0 0.656836 0.627083 0.014453 0.034722
0 0.482422 0.604167 0.017969 0.030556
0 0.469531 0.590972 0.014063 0.026389
0 0.445117 0.590625 0.012109 0.024306
0 0.454688 0.597917 0.017188 0.030556
0 0.464453 0.613889 0.014844 0.027778
0 0.432617 0.595833 0.016016 0.029167
0 0.412891 0.597569 0.013281 0.024306
0 0.423633 0.615625 0.015234 0.029861
1 0.563477 0.577431 0.012109 0.020139
1 0.666211 0.566667 0.013672 0.025000
1 0.653711 0.592014 0.014453 0.031250
1 0.715234 0.574653 0.011719 0.024306
0 0.730664 0.591319 0.015234 0.029861
1 0.553125 0.622917 0.021875 0.029167
