0 0.010156 0.625347 0.016406 0.046528
0 0.021289 0.636111 0.018359 0.047222
0 0.068555 0.639931 0.019922 0.042361
1 0.087695 0.643750 0.020703 0.044444
1 0.132031 0.636806 0.018750 0.051389
0 0.154102 0.640972 0.019922 0.043056
0 0.170703 0.647569 0.017969 0.043750
0 0.188672 0.661458 0.021094 0.043750
0 0.206445 0.653819 0.025391 0.047917
0 0.320312 0.707292 0.039844 0.089583
0 0.235156 0.637500 0.018750 0.041667
0 0.255078 0.645139 0.021094 0.040278
1 0.292773 0.631597 0.016797 0.032639
0 0.282227 0.657292 0.018359 0.036806
0 0.309180 0.636458 0.018359 0.031250
0 0.337500 0.630208 0.016406 0.031250
0 0.350195 0.640278 0.015234 0.031944
0 0.368750 0.645486 0.026562 0.054861
0 0.385156 0.628472 0.020313 0.034722
1 0.410742 0.646528 0.024609 0.043056
0 0.431836 0.702778 0.035547 0.077778
0 0.457813 0.681250 0.029687 0.063889
0 0.502539 0.656250 0.032422 0.069444
0 0.413477 0.593056 0.016797 0.031944
0 0.433594 0.597569 0.016406 0.034028
0 0.451562 0.589583 0.013281 0.025000
0 0.467969 0.588889 0.014063 0.027778
0 0.481445 0.604167 0.016797 0.031944
0 0.509766 0.592361 0.016406 0.022222
0 0.541016 0.591667 0.014844 0.029167
0 0.565820 0.575694 0.011328 0.025000
1 0.564844 0.625347 0.016406 0.032639
0 0.585156 0.602083 0.013281 0.030556
1 0.583008 0.656944 0.023047 0.055556
1 0.603906 0.635069 0.017969 0.043750
0 0.555273 0.662153 0.024609 0.049306
0 0.640820 0.626736 0.016016 0.034028
0 0.624609 0.629167 0.017969 0.031944
0 0.616016 0.601042 0.011719 0.024306
0 0.611914 0.585764 0.017578 0.031250
0 0.638086 0.582986 0.016016 0.035417
0 0.652148 0.598611 0.016797 0.033333
0 0.667383 0.600000 0.012891 0.025000
0 0.661914 0.618056 0.013672 0.026389
0 0.678906 0.593056 0.014063 0.025000
0 0.686914 0.579514 0.012109 0.027083
0 0.696484 0.611806 0.015625 0.034722
0 0.712305 0.602431 0.016797 0.038194
0 0.731250 0.588889 0.014063 0.037500
0 0.713477 0.699653 0.038672 0.079861
0 0.753906 0.698958 0.028906 0.053472
0 0.821289 0.720833 0.039453 0.086111
0 0.776563 0.634722 0.017188 0.038889
0 0.790625 0.604167 0.015625 0.038889
0 0.810352 0.565625 0.014453 0.028472
0 0.828125 0.601389 0.016406 0.027778
0 0.833008 0.648264 0.023047 0.049306
0 0.858203 0.635764 0.021875 0.040972
0 0.855273 0.681597 0.016016 0.050694
0 0.841406 0.576389 0.013281 0.030556
0 0.864453 0.586458 0.014844 0.028472
0 0.867773 0.606597 0.014453 0.032639
0 0.889062 0.574306 0.011719 0.030556
1 0.904102 0.595833 0.014453 0.031944
0 0.921484 0.580903 0.014844 0.032639
0 0.934961 0.614931 0.017578 0.032639
0 0.892773 0.663889 0.026172 0.054167
0 0.917383 0.713194 0.029297 0.070833
0 0.918555 0.801389 0.046484 0.097222
0 0.955859 0.733333 0.040625 0.087500
0 0.954492 0.657292 0.019141 0.046528
0 0.937891 0.654514 0.017969 0.040972
