0 0.016797 0.640278 0.022656 0.038889
0 0.057422 0.657639 0.026562 0.045833
0 0.075000 0.634028 0.022656 0.038889
1 0.127539 0.643403 0.023047 0.052083
0 0.150977 0.647222 0.017578 0.038889
0 0.166992 0.650347 0.016797 0.040972
0 0.191406 0.665972 0.019531 0.040278
0 0.204297 0.659375 0.026562 0.045139
0 0.224414 0.640278 0.012891 0.036111
0 0.236719 0.637500 0.017188 0.037500
0 0.259961 0.642361 0.020703 0.038889
1 0.300195 0.630208 0.015234 0.029861
0 0.297852 0.663542 0.024609 0.045139
0 0.321875 0.695833 0.035937 0.090278
0 0.376367 0.677431 0.027734 0.063194
0 0.430078 0.707986 0.033594 0.071528
0 0.414648 0.644792 0.022266 0.042361
0 0.447656 0.625694 0.014063 0.027778
0 0.521289 0.655208 0.031641 0.056250
0 0.353320 0.620139 0.016016 0.029167
0 0.368750 0.618750 0.014063 0.029167
0 0.383789 0.626389 0.019922 0.033333
0 0.415039 0.596875 0.015234 0.027083
0 0.404297 0.614236 0.011719 0.024306
0 0.438086 0.595833 0.014453 0.029167
0 0.449219 0.588194 0.012500 0.026389
0 0.468164 0.588889 0.013672 0.025000
0 0.459570 0.604861 0.016016 0.022222
0 0.479492 0.603819 0.016797 0.029861
0 0.491406 0.585764 0.014844 0.028472
0 0.509766 0.581597 0.013281 0.027083
0 0.531055 0.585417 0.009766 0.022222
0 0.541602 0.582292 0.013672 0.028472
0 0.561133 0.583333 0.013672 0.026389
0 0.557813 0.627431 0.017969 0.042361
1 0.581836 0.654861 0.016797 0.040278
0 0.571680 0.654861 0.016797 0.047222
0 0.586523 0.603125 0.013672 0.031250
0 0.600781 0.660764 0.022656 0.042361
0 0.616602 0.594792 0.014453 0.028472
0 0.620313 0.622222 0.011719 0.026389
0 0.637109 0.631597 0.017188 0.031250
0 0.639453 0.589931 0.014844 0.027083
0 0.652930 0.597569 0.014453 0.032639
0 0.656836 0.625347 0.019922 0.031250
0 0.665430 0.594444 0.014453 0.031944
0 0.677539 0.597222 0.012109 0.027778
0 0.685352 0.579167 0.012891 0.027778
0 0.697852 0.613194 0.015234 0.036111
0 0.712109 0.597222 0.016406 0.033333
0 0.711133 0.571528 0.014453 0.027778
0 0.730469 0.592708 0.014063 0.032639
0 0.740430 0.577083 0.013672 0.030556
0 0.720703 0.722917 0.041406 0.080556
0 0.752344 0.708681 0.028125 0.056250
0 0.828711 0.720139 0.035547 0.091667
0 0.917383 0.841319 0.074609 0.167361
1 0.890430 0.667014 0.022266 0.045139
0 0.854688 0.633681 0.017969 0.039583
0 0.777344 0.636458 0.017969 0.040972
0 0.792773 0.600347 0.015234 0.025694
0 0.809961 0.564583 0.012109 0.027778
0 0.805664 0.594444 0.014453 0.029167
0 0.825977 0.625347 0.015234 0.040972
0 0.835547 0.595139 0.011719 0.026389
0 0.866992 0.598958 0.016016 0.032639
0 0.890039 0.572917 0.015234 0.029167
0 0.903711 0.597917 0.013672 0.031944
0 0.916992 0.580208 0.012891 0.028472
0 0.937500 0.615625 0.017188 0.031250
0 0.955469 0.659028 0.023438 0.043056
0 0.930469 0.652778 0.017969 0.038889
0 0.972070 0.685417 0.023828 0.050000
