0 0.011133 0.628125 0.021484 0.046528
0 0.060156 0.656250 0.028906 0.045833
0 0.078125 0.635764 0.024219 0.040972
0 0.127539 0.646875 0.026953 0.042361
0 0.152734 0.640625 0.021094 0.043750
0 0.193164 0.647917 0.023047 0.041667
0 0.172266 0.636458 0.021875 0.039583
0 0.222656 0.636111 0.014844 0.038889
0 0.235352 0.630903 0.012891 0.038194
1 0.248242 0.637847 0.017578 0.039583
0 0.263477 0.641319 0.016797 0.038194
0 0.280664 0.642361 0.016016 0.031944
0 0.304297 0.647222 0.017969 0.036111
0 0.319141 0.700000 0.045312 0.087500
0 0.368164 0.658333 0.025391 0.045833
0 0.363086 0.703819 0.033203 0.060417
1 0.410938 0.648958 0.021094 0.049306
1 0.438281 0.676389 0.027344 0.059722
1 0.572852 0.656944 0.021484 0.050000
0 0.511719 0.659028 0.030469 0.062500
0 0.354687 0.616319 0.017969 0.028472
0 0.372852 0.609722 0.016016 0.036111
0 0.383398 0.628472 0.015234 0.026389
0 0.410352 0.602431 0.012891 0.029861
0 0.418555 0.592014 0.010547 0.028472
0 0.435352 0.593403 0.015234 0.027083
0 0.453320 0.589236 0.012109 0.024306
0 0.467383 0.587847 0.011328 0.025694
0 0.481445 0.604167 0.016797 0.030556
0 0.513867 0.581944 0.015234 0.025000
0 0.532422 0.581944 0.010156 0.027778
0 0.541016 0.587153 0.014063 0.029861
0 0.572656 0.579861 0.011719 0.025000
0 0.557031 0.615278 0.017188 0.031944
0 0.550781 0.671528 0.022656 0.045833
0 0.600781 0.662153 0.030469 0.050694
0 0.595313 0.629514 0.017969 0.032639
0 0.615625 0.613542 0.014063 0.032639
0 0.582422 0.606597 0.014844 0.029861
1 0.639062 0.580903 0.015625 0.032639
0 0.632617 0.613194 0.012109 0.029167
0 0.640430 0.625000 0.016797 0.034722
1 0.657227 0.594444 0.016797 0.025000
0 0.677930 0.596181 0.016797 0.031250
0 0.685547 0.577431 0.014844 0.029861
0 0.695312 0.614583 0.015625 0.034722
0 0.711328 0.604514 0.013281 0.032639
0 0.714453 0.576736 0.012500 0.025694
0 0.731836 0.591667 0.017578 0.026389
0 0.809766 0.565972 0.016406 0.029167
0 0.794141 0.593750 0.015625 0.025000
0 0.809570 0.594792 0.012891 0.025694
0 0.838867 0.578819 0.012109 0.024306
0 0.836328 0.594097 0.011719 0.024306
0 0.829297 0.601042 0.013281 0.028472
0 0.864648 0.582639 0.013672 0.023611
0 0.890234 0.573264 0.014063 0.028472
0 0.898438 0.592361 0.012500 0.027778
1 0.903906 0.597569 0.012500 0.031250
0 0.924219 0.587847 0.014844 0.028472
0 0.932031 0.614236 0.014844 0.034028
0 0.865625 0.604861 0.015625 0.030556
0 0.856250 0.631944 0.017188 0.043056
0 0.825391 0.630208 0.017188 0.034028
0 0.794531 0.620833 0.015625 0.034722
0 0.778125 0.632986 0.018750 0.045139
0 0.734180 0.668056 0.024609 0.051389
0 0.747266 0.708333 0.028125 0.058333
0 0.716797 0.731250 0.039844 0.079167
0 0.827539 0.722917 0.037891 0.098611
0 0.841992 0.676389 0.023828 0.056944
0 0.897656 0.652083 0.024219 0.043056
0 0.905273 0.721181 0.037109 0.075694
0 0.938867 0.646528 0.016797 0.043056
0 0.951562 0.657986 0.022656 0.052083
0 0.973047 0.702778 0.037500 0.095833
