0 0.018359 0.636806 0.020313 0.047222
0 0.058398 0.638194 0.017578 0.044444
0 0.075586 0.646875 0.022266 0.049306
1 0.128516 0.641667 0.020313 0.048611
0 0.151172 0.641667 0.018750 0.043056
0 0.195898 0.645139 0.022266 0.045833
0 0.238086 0.654167 0.023828 0.045833
0 0.262305 0.639583 0.019141 0.040278
0 0.311719 0.709722 0.045312 0.088889
0 0.336133 0.640625 0.016016 0.034028
0 0.335938 0.613194 0.017188 0.029167
0 0.365625 0.613194 0.017969 0.030556
0 0.365430 0.687500 0.026953 0.072222
0 0.426758 0.711458 0.037891 0.065972
1 0.400391 0.618056 0.014063 0.023611
1 0.426367 0.618750 0.012891 0.029167
1 0.438477 0.650000 0.019922 0.038889
1 0.590234 0.660417 0.023438 0.045833
0 0.454492 0.682639 0.025391 0.045833
0 0.512500 0.673611 0.027344 0.066667
0 0.412891 0.597222 0.013281 0.026389
0 0.428516 0.592361 0.015625 0.026389
0 0.449023 0.590972 0.014453 0.030556
0 0.456055 0.611458 0.015234 0.031250
0 0.468164 0.586458 0.013672 0.025694
0 0.479883 0.604167 0.019141 0.026389
0 0.510156 0.589931 0.013281 0.027083
0 0.540820 0.579861 0.015234 0.030556
0 0.543945 0.669444 0.027734 0.050000
0 0.557617 0.622917 0.016797 0.029167
0 0.578125 0.581597 0.014063 0.027083
0 0.587695 0.603472 0.015234 0.033333
0 0.605078 0.653472 0.020313 0.048611
0 0.621875 0.628472 0.014844 0.034722
0 0.617188 0.586806 0.014063 0.031944
0 0.639258 0.586458 0.013672 0.029861
1 0.654687 0.588889 0.014844 0.029167
0 0.677734 0.597222 0.013281 0.030556
0 0.688281 0.580556 0.016406 0.030556
0 0.714648 0.576042 0.011328 0.025694
0 0.710547 0.601042 0.016406 0.031250
0 0.695898 0.625000 0.016016 0.030556
0 0.647656 0.632292 0.019531 0.032639
0 0.735742 0.577431 0.012891 0.027083
0 0.732227 0.600000 0.015234 0.029167
0 0.750195 0.668403 0.027734 0.056250
0 0.717773 0.718056 0.037109 0.063889
0 0.778711 0.638889 0.018359 0.048611
0 0.798633 0.587153 0.013672 0.032639
0 0.790430 0.615625 0.014453 0.043750
0 0.813281 0.570833 0.013281 0.029167
0 0.840430 0.571181 0.011328 0.025694
0 0.824805 0.622917 0.013672 0.033333
0 0.856641 0.633681 0.014063 0.040972
0 0.866211 0.585417 0.013672 0.030556
0 0.825977 0.723264 0.029297 0.090972
0 0.857812 0.682986 0.021094 0.047917
0 0.891406 0.674306 0.021094 0.052778
0 0.896484 0.588542 0.013281 0.028472
0 0.901367 0.601389 0.013672 0.031944
0 0.920117 0.589931 0.016016 0.025694
0 0.936133 0.611458 0.012109 0.031250
0 0.936133 0.655903 0.019922 0.032639
0 0.953320 0.663194 0.017578 0.047222
0 0.973242 0.681944 0.021484 0.048611
0 0.913281 0.788194 0.050781 0.093056
0 0.933398 0.852083 0.061328 0.158333
0 0.908789 0.720833 0.041797 0.072222
