0 0.008008 0.626736 0.015234 0.038194
1 0.026562 0.625000 0.020313 0.044444
0 0.067187 0.662847 0.022656 0.045139
0 0.088477 0.641319 0.019922 0.043750
1 0.140625 0.637847 0.017188 0.043750
1 0.131445 0.620833 0.016016 0.037500
0 0.179492 0.642361 0.023047 0.048611
0 0.154102 0.635069 0.016797 0.034028
0 0.206250 0.636111 0.026562 0.048611
0 0.231250 0.636111 0.017969 0.037500
0 0.262109 0.644097 0.021875 0.034028
0 0.284766 0.634375 0.012500 0.031250
0 0.301953 0.631944 0.018750 0.036111
0 0.299414 0.679167 0.027734 0.040278
0 0.326172 0.692708 0.037500 0.090972
0 0.383398 0.680556 0.029297 0.059722
0 0.365625 0.667361 0.016406 0.036111
0 0.432422 0.699653 0.039062 0.064583
0 0.466602 0.675694 0.026953 0.048611
1 0.519141 0.651389 0.027344 0.063889
1 0.354883 0.612847 0.012891 0.029861
0 0.365625 0.623264 0.014844 0.027083
0 0.386523 0.624653 0.018359 0.035417
0 0.406250 0.609375 0.015625 0.029861
0 0.421484 0.615278 0.015625 0.030556
0 0.435937 0.645139 0.020313 0.043056
0 0.450195 0.618750 0.016797 0.034722
0 0.437695 0.591319 0.016016 0.028472
0 0.457031 0.595486 0.014844 0.031250
0 0.480273 0.604861 0.023828 0.025000
0 0.516406 0.582292 0.015625 0.028472
0 0.541602 0.584375 0.015234 0.028472
0 0.565625 0.582639 0.016406 0.027778
0 0.533789 0.586806 0.013672 0.023611
0 0.545508 0.662153 0.020703 0.046528
1 0.582031 0.650347 0.021094 0.043750
0 0.608398 0.657986 0.023828 0.054861
0 0.556250 0.619097 0.015625 0.032639
0 0.581641 0.604514 0.016406 0.029861
0 0.617773 0.594792 0.014453 0.029861
0 0.638086 0.587153 0.016016 0.038194
0 0.652344 0.598958 0.017188 0.032639
0 0.646484 0.634722 0.015625 0.033333
0 0.665820 0.598958 0.012891 0.032639
0 0.678320 0.598958 0.014453 0.031250
0 0.687109 0.578125 0.013281 0.029861
0 0.697852 0.621875 0.016797 0.035417
0 0.711719 0.600694 0.017188 0.030556
0 0.730469 0.595833 0.013281 0.029167
0 0.716992 0.719097 0.034766 0.081250
0 0.747461 0.696528 0.029297 0.059722
0 0.785742 0.655903 0.020703 0.040972
0 0.793359 0.621528 0.018750 0.029167
0 0.811914 0.579861 0.014453 0.025000
0 0.806641 0.595486 0.011719 0.025694
0 0.827539 0.612153 0.016016 0.036806
0 0.839258 0.729861 0.033984 0.079167
0 0.858203 0.664236 0.025000 0.045139
0 0.866602 0.605556 0.017578 0.030556
0 0.902539 0.602083 0.017578 0.037500
0 0.893750 0.574306 0.011719 0.027778
0 0.932227 0.610764 0.016016 0.035417
0 0.951758 0.657639 0.019922 0.045833
0 0.898047 0.655903 0.025781 0.050694
0 0.932813 0.857639 0.064062 0.169444
0 0.971680 0.673958 0.024609 0.057639
