0 0.009961 0.621181 0.017578 0.040972
0 0.035352 0.632986 0.020703 0.039583
1 0.060547 0.650694 0.021875 0.041667
0 0.078516 0.637500 0.022656 0.043056
1 0.133594 0.621181 0.016406 0.043750
1 0.157227 0.635764 0.023828 0.040972
1 0.212891 0.632292 0.027344 0.045139
0 0.178320 0.638889 0.019922 0.038889
0 0.194336 0.642014 0.019922 0.038194
0 0.241797 0.631250 0.021094 0.037500
0 0.262500 0.637500 0.018750 0.037500
0 0.286133 0.634375 0.021484 0.036806
0 0.313086 0.650000 0.021484 0.051389
0 0.334180 0.718056 0.048047 0.084722
0 0.380664 0.687500 0.029297 0.065278
0 0.434570 0.702431 0.039453 0.071528
0 0.411133 0.663889 0.019922 0.044444
0 0.512109 0.678819 0.026562 0.059028
1 0.584180 0.647569 0.022266 0.049306
0 0.555664 0.659375 0.024609 0.043750
0 0.605469 0.642708 0.020313 0.057639
0 0.349609 0.619444 0.015625 0.029167
0 0.369336 0.614236 0.015234 0.028472
1 0.397070 0.614236 0.015234 0.029861
0 0.425586 0.615625 0.016797 0.032639
0 0.447070 0.629167 0.018359 0.034722
0 0.460938 0.611806 0.015625 0.030556
0 0.479883 0.606944 0.016016 0.031944
0 0.513867 0.587847 0.014453 0.031250
0 0.531836 0.586111 0.012109 0.027778
0 0.543359 0.582639 0.013281 0.030556
1 0.573047 0.580556 0.013281 0.023611
0 0.584375 0.606597 0.017188 0.032639
0 0.558203 0.617361 0.016406 0.034722
0 0.626953 0.615972 0.014063 0.031944
0 0.652734 0.629167 0.019531 0.029167
0 0.678711 0.601042 0.016797 0.027083
0 0.697070 0.621181 0.016797 0.031250
0 0.712500 0.601736 0.017969 0.034028
0 0.726367 0.582986 0.011328 0.028472
0 0.715820 0.577778 0.012109 0.023611
0 0.720117 0.732639 0.038672 0.076389
0 0.748828 0.683681 0.032813 0.057639
0 0.822656 0.737500 0.037500 0.076389
0 0.785352 0.655208 0.018359 0.040972
0 0.793750 0.617708 0.016406 0.036806
0 0.810156 0.596875 0.009375 0.029861
0 0.821875 0.601042 0.012500 0.032639
0 0.828125 0.623958 0.018750 0.032639
0 0.844727 0.576389 0.012891 0.029167
0 0.857812 0.626042 0.017969 0.042361
0 0.851953 0.660417 0.017969 0.047222
0 0.902734 0.599306 0.017969 0.033333
0 0.896875 0.651042 0.025781 0.054861
0 0.920508 0.705903 0.030078 0.061806
0 0.937305 0.860764 0.080078 0.172917
0 0.932813 0.614236 0.017969 0.039583
0 0.934570 0.652431 0.016016 0.036806
0 0.952539 0.660069 0.022266 0.047917
0 0.967187 0.676389 0.021094 0.050000
