      0/99     2.23G    0.1348    0.1246   0.03121    0.2906       266       640         0         0         0         0    0.1313    0.1816   0.02962
      1/99      3.1G    0.1321    0.1308   0.03019     0.293       375       640         0         0         0         0    0.1297    0.1778   0.02879
      2/99      3.1G     0.129    0.1339   0.02938    0.2923       418       640         0         0         0         0    0.1258    0.1975   0.02803
      3/99      3.1G    0.1261    0.1378   0.02854    0.2924       395       640         0         0         0         0    0.1252    0.1961   0.02771
      4/99      3.1G    0.1242    0.1336   0.02743    0.2852       341       640 0.0003389  0.002358 3.306e-06 6.766e-07    0.1236    0.2201    0.0274
      5/99      3.1G    0.1206    0.1333   0.02631    0.2803       422       640  0.002508   0.01538 0.0001205 2.812e-05    0.1223     0.246   0.02727
      6/99      3.1G    0.1156    0.1326   0.02546    0.2736       332       640   0.01273     0.044  0.002205 0.0006457    0.1205      0.25   0.02683
      7/99      3.1G    0.1102     0.133   0.02509    0.2683       324       640   0.02027    0.1081  0.004215 0.0007226    0.1146     0.215   0.02596
      8/99      3.1G    0.1042    0.1335    0.0248    0.2626       398       640   0.04316   0.07667   0.00855   0.00151    0.1045    0.1874   0.02507
      9/99      3.1G   0.09815    0.1304   0.02465    0.2532       557       640    0.1334    0.1365   0.03837  0.007969   0.09342    0.1888    0.0248
     10/99      3.1G   0.09376    0.1393   0.02512    0.2582       454       640    0.1391    0.1928   0.06398   0.01423   0.08581    0.1891   0.02446
     11/99      3.1G   0.08974    0.1414   0.02453    0.2557       418       640    0.2122     0.201   0.09993   0.02237   0.08389    0.1926   0.02433
     12/99      3.1G   0.08647    0.1348     0.025    0.2463       373       640    0.1629    0.2824    0.1193   0.02974   0.08537    0.1942   0.02424
     13/99      3.1G   0.08121    0.1445   0.02482    0.2505       526       640    0.1565    0.3283    0.1303    0.0314   0.08419    0.1936    0.0241
     14/99      3.1G   0.08503    0.1398   0.02504    0.2499       180       640    0.1482    0.3765    0.1329   0.03283   0.08073    0.1957   0.02412
     15/99      3.1G   0.08397    0.1386   0.02406    0.2466       352       640    0.1864    0.3738     0.159   0.04176   0.08073    0.1991   0.02404
     16/99      3.1G   0.08012    0.1454   0.02446      0.25       242       640    0.1556    0.3785    0.1324     0.032   0.07558    0.2115   0.02393
     17/99      3.1G    0.0789    0.1469   0.02394    0.2498       318       640    0.1729    0.4043    0.1503     0.036   0.08838    0.1961   0.02388
     18/99      3.1G   0.07901    0.1446   0.02406    0.2477       547       640    0.2109    0.4302    0.1858   0.05187   0.07592    0.2035   0.02382
     19/99      3.1G   0.07858    0.1422   0.02419     0.245       544       640    0.1968    0.4688    0.1934   0.05475    0.0801     0.198   0.02377
     20/99      3.1G   0.07752    0.1463   0.02396    0.2478       404       640    0.1581    0.5378     0.159   0.03933   0.08046    0.2103   0.02371
     21/99      3.1G   0.07696     0.147   0.02445    0.2484       489       640    0.1832    0.4976     0.181   0.04697   0.07239    0.2038   0.02373
     22/99      3.1G   0.07687    0.1397    0.0238    0.2404       452       640    0.2504    0.4502    0.2303    0.0712   0.07003    0.2049   0.02373
     23/99      3.1G   0.07871    0.1418   0.02422    0.2447       390       640     0.214    0.4509    0.2061   0.05714   0.06698     0.205   0.02366
     24/99      3.1G   0.07262    0.1543    0.0236    0.2505       471       640     0.176    0.5321    0.1873   0.04649   0.06624     0.226   0.02357
     25/99      3.1G   0.07324    0.1494   0.02402    0.2467       404       640      0.24    0.4716    0.2529   0.08509   0.06612     0.204   0.02358
     26/99      3.1G   0.07384    0.1429   0.02404    0.2408       199       640    0.2616    0.4705    0.2519   0.06986   0.06158    0.2122   0.02353
     27/99      3.1G   0.07053    0.1581   0.02378    0.2524       527       640    0.2039    0.5505    0.2296   0.06583   0.06609    0.2246   0.02345
     28/99      3.1G    0.0702    0.1425   0.02369    0.2364       606       640    0.2353    0.5147    0.2465    0.0755    0.0643    0.2032   0.02342
     29/99      3.1G   0.06793     0.146   0.02381    0.2378       413       640    0.2704    0.4761    0.2595   0.07671   0.06376    0.2049   0.02341
     30/99      3.1G   0.07274    0.1462    0.0235    0.2424       235       640     0.181    0.5709    0.2385   0.07769   0.06646    0.2262   0.02331
     31/99      3.1G   0.07092    0.1485   0.02305    0.2425       551       640     0.253    0.5698    0.3092   0.09582    0.0614    0.2093    0.0232
     32/99      3.1G   0.06856    0.1543   0.02361    0.2464       479       640    0.3138    0.4998    0.3091    0.1109   0.05745    0.2085   0.02325
     33/99      3.1G   0.06683    0.1524   0.02354    0.2428       234       640    0.2265    0.5682    0.2644   0.08729   0.06619    0.2183   0.02324
     34/99      3.1G   0.06749    0.1449   0.02306    0.2354       382       640    0.3036    0.4874    0.2921   0.09792   0.06423    0.1993    0.0231
     35/99      3.1G   0.06675    0.1519   0.02297    0.2416       393       640    0.3203    0.5693    0.3528    0.1264   0.05751    0.2052   0.02301
     36/99      3.1G    0.0652    0.1546   0.02264    0.2425       457       640    0.3062    0.5813    0.3497    0.1223   0.05708    0.2219   0.02278
     37/99      3.1G   0.06744    0.1457   0.02208    0.2352       281       640     0.317    0.5578    0.3513    0.1122   0.06256    0.1991   0.02242
     38/99      3.1G    0.0653    0.1456   0.02292    0.2338       444       640     0.315    0.4939    0.3071    0.1047    0.0569    0.2018   0.02207
     39/99      3.1G   0.06807     0.149   0.02152    0.2386       672       640    0.3468    0.5268    0.3466     0.132   0.05907    0.2097   0.02184
     40/99      3.1G    0.0656    0.1465   0.02073    0.2329       363       640     0.249     0.624    0.3228    0.1091   0.05914    0.2142   0.02133
     41/99      3.1G   0.06097    0.1442   0.02161    0.2268       367       640    0.3802    0.5921    0.4156    0.1562   0.05385    0.2025   0.02107
     42/99      3.1G   0.06986    0.1512    0.0218    0.2429       336       640    0.2537    0.4717    0.2669   0.08374   0.06091     0.206   0.02108
     43/99      3.1G   0.06899    0.1702   0.02161    0.2608       476       640    0.1862    0.2907    0.1695   0.05438   0.06568    0.2212   0.02084
     44/99      3.1G   0.07323    0.1585   0.02087    0.2526       454       640    0.2815    0.5025    0.2681   0.07106   0.06616     0.214   0.02091
     45/99      3.1G   0.07132    0.1488   0.02133    0.2415       371       640    0.3296    0.4782    0.3294     0.119   0.06714     0.199   0.02262
     46/99      3.1G   0.07065    0.1491   0.02077    0.2405       479       640    0.3253    0.5148    0.3542    0.1186   0.06818     0.201   0.02008
     47/99      3.1G   0.06806    0.1435   0.02049     0.232       468       640    0.2507     0.525    0.2419   0.07771    0.0624    0.2023   0.01965
     48/99      3.1G   0.07024    0.1362    0.0194    0.2259       289       640    0.3836    0.5044    0.3769    0.1381   0.06001    0.2022   0.01965
     49/99      3.1G   0.06762    0.1407   0.01987    0.2282       685       640    0.2886    0.5546    0.3139    0.1138   0.05963    0.2003    0.0191
     50/99      3.1G   0.06528    0.1453   0.01938      0.23       403       640    0.3522    0.5631    0.3932    0.1518   0.06207     0.199   0.01886
     51/99      3.1G   0.06743    0.1399   0.01924    0.2266       317       640     0.418    0.5174    0.4075    0.1443    0.0589    0.2019   0.01847
     52/99      3.1G   0.06421    0.1348   0.01824    0.2172       371       640    0.4131    0.5206    0.4117    0.1471     0.065    0.2006   0.01848
     53/99      3.1G   0.06539    0.1452   0.01927    0.2298       355       640    0.3959    0.4901    0.3791    0.1391   0.05886    0.1992   0.01794
     54/99      3.1G   0.06458    0.1516   0.01727    0.2334       595       640     0.361    0.5535     0.372     0.133   0.06028    0.2026   0.01858
     55/99      3.1G   0.06504    0.1406   0.01826    0.2239       476       640    0.4209    0.5235    0.4078     0.143   0.05854    0.1981   0.01754
     56/99      3.1G   0.06215    0.1341   0.01747    0.2137       587       640    0.4507    0.5529    0.4501    0.1627   0.05972    0.1992   0.01695
     57/99      3.1G   0.06386    0.1374   0.01725    0.2186       229       640    0.4281    0.5541    0.4341    0.1677   0.05615    0.1981   0.01678
     58/99      3.1G   0.06122    0.1396   0.01673    0.2175       472       640    0.4225    0.5691    0.4462    0.1711   0.05675    0.2015   0.01673
     59/99      3.1G   0.06257    0.1419   0.01799    0.2225       322       640    0.4664    0.5188    0.4392    0.1611   0.05796     0.197   0.01689
     60/99      3.1G   0.06313    0.1418   0.01658    0.2215       406       640    0.4617    0.5387    0.4429    0.1674   0.05614    0.1954   0.01704
     61/99      3.1G   0.06212    0.1481   0.01644    0.2267       466       640    0.5281     0.527    0.4972    0.1932   0.05296    0.1996   0.01703
     62/99      3.1G   0.05723    0.1431   0.01796    0.2182       280       640    0.4589    0.5465    0.4431    0.1602   0.05244     0.197   0.01619
     63/99      3.1G   0.05942    0.1511   0.01527    0.2258       500       640    0.4499    0.6194    0.5067    0.1987   0.05379    0.2009   0.01648
     64/99      3.1G   0.05782    0.1445    0.0157     0.218       541       640    0.4057    0.4943    0.3747    0.1342   0.05361     0.199   0.01653
     65/99      3.1G    0.0584    0.1338   0.01672    0.2089       661       640     0.475    0.5318    0.4389    0.1574   0.05919    0.1993   0.01912
     66/99      3.1G   0.06325    0.1396   0.01702    0.2199       319       640    0.5086    0.5776    0.5193    0.1932   0.05403    0.1985   0.01795
     67/99      3.1G   0.05632    0.1453   0.01683    0.2185       495       640    0.4909    0.6091    0.5259     0.201   0.05171    0.1964   0.01645
     68/99      3.1G   0.05634     0.141   0.01589    0.2132       453       640    0.4791     0.535    0.4726    0.1864   0.05287    0.1962   0.01692
     69/99      3.1G   0.06247     0.137   0.01566    0.2151       529       640    0.3212    0.4604    0.3068    0.1202   0.06932     0.198   0.01593
     70/99      3.1G   0.07261    0.1403   0.01625    0.2292       560       640    0.4389     0.505     0.418    0.1666   0.06125    0.2016   0.01626
     71/99      3.1G   0.06441    0.1505   0.01563    0.2306       545       640    0.4958    0.5182    0.4745    0.1533    0.0551    0.2062   0.01656
     72/99      3.1G   0.05912    0.1466   0.01579    0.2215       298       640     0.493    0.5086    0.4592    0.1371   0.05491    0.2074   0.01592
     73/99      3.1G   0.05719    0.1423   0.01489    0.2144       448       640    0.4839    0.5935    0.4985    0.1894   0.05149    0.1996   0.01659
     74/99      3.1G   0.05937    0.1397    0.0152    0.2143       403       640    0.5615    0.5269     0.512     0.185   0.05425    0.2003   0.01534
     75/99      3.1G    0.0608    0.1388   0.01552    0.2151       419       640    0.5166    0.5822    0.5115    0.2016   0.05069     0.196   0.01549
     76/99      3.1G   0.05491    0.1416   0.01447     0.211       634       640    0.5331    0.5639    0.5133    0.2035    0.0519    0.1954   0.01488
     77/99      3.1G   0.06062    0.1411   0.01433    0.2161       458       640    0.5336    0.5228    0.4725    0.1707   0.05681    0.1955   0.01484
     78/99      3.1G   0.06157    0.1379   0.01463    0.2141       288       640    0.5849    0.5207    0.5044    0.1959   0.05214    0.1953   0.01514
     79/99      3.1G   0.05757    0.1421   0.01459    0.2143       479       640    0.5535    0.5702    0.5234    0.2049   0.05244    0.1953   0.01494
     80/99      3.1G   0.05941    0.1447   0.01499    0.2191       610       640     0.559    0.5582    0.5299    0.2131    0.0509    0.1958   0.01503
     81/99      3.1G    0.0565    0.1347   0.01428    0.2055       584       640     0.506    0.6144    0.5446    0.2253   0.04881    0.1964   0.01484
     82/99      3.1G   0.05543    0.1387    0.0137    0.2078       498       640    0.5488      0.59    0.5511    0.2271   0.04935    0.1935   0.01456
     83/99      3.1G   0.05927     0.141   0.01356    0.2139       442       640    0.5336    0.6064    0.5356    0.2156   0.05089    0.1923   0.01487
     84/99      3.1G    0.0568    0.1311   0.01394    0.2019       371       640    0.5405    0.6135    0.5642     0.238   0.04839    0.1924   0.01427
     85/99      3.1G    0.0543    0.1393   0.01383    0.2074       392       640    0.5224    0.6214    0.5482    0.2256    0.0488    0.1933   0.01465
     86/99      3.1G   0.05587    0.1397   0.01345    0.2091       456       640    0.5558    0.5912    0.5454    0.2229   0.04884     0.193    0.0151
     87/99      3.1G   0.05446    0.1337   0.01484     0.203       267       640    0.5491    0.5976    0.5464    0.2267   0.04951     0.193    0.0145
     88/99      3.1G    0.0548     0.138   0.01433    0.2072       455       640     0.517      0.64    0.5468    0.2245   0.05097    0.1934    0.0146
     89/99      3.1G   0.05412    0.1406   0.01343    0.2081       384       640    0.5412    0.6285    0.5554    0.2347   0.04912    0.1918   0.01437
     90/99      3.1G   0.05267     0.146   0.01308    0.2118       434       640    0.5613    0.6314    0.5825    0.2459     0.048    0.1909   0.01421
     91/99      3.1G   0.05328     0.136   0.01351    0.2028       240       640    0.5761    0.6054      0.58    0.2422   0.04884    0.1909   0.01411
     92/99      3.1G   0.05216    0.1317   0.01336    0.1972       298       640      0.61    0.5853    0.5883    0.2476   0.04733    0.1903   0.01403
     93/99      3.1G   0.05253    0.1391   0.01248    0.2041       551       640    0.6164    0.5812    0.5873    0.2459    0.0481      0.19    0.0142
     94/99      3.1G   0.05149     0.136   0.01273    0.2003       514       640    0.5866     0.606    0.5839    0.2454   0.04852    0.1894   0.01396
     95/99      3.1G   0.05173    0.1466   0.01346    0.2118       334       640    0.5613    0.6426    0.5862    0.2466   0.04755    0.1902   0.01409
     96/99      3.1G   0.05161    0.1425    0.0135    0.2076       315       640    0.5797    0.6063    0.5878    0.2556   0.04687    0.1891   0.01423
     97/99      3.1G   0.04841    0.1339   0.01241    0.1947       421       640    0.5458    0.6396    0.5863    0.2519   0.04716    0.1921   0.01422
     98/99      3.1G   0.05027    0.1368   0.01329    0.2004       376       640    0.5649    0.6337    0.5915    0.2501    0.0466    0.1887   0.01412
     99/99      3.1G   0.05046     0.137   0.01372    0.2012       444       640    0.5785    0.6064    0.5911    0.2588   0.04624    0.1889   0.01495
